publisher,doi_prefix,coci_open_cit,crossref_close_cit,total_cit
"S. Karger AG (ID 127)","10.1159","1374874","1291082","2665956"
"Wiley (ID 311)","10.1002,10.1581,10.1046,10.1111,10.3401,10.4319,10.1359,10.2164,10.1113,10.1118,10.1897,10.1112,10.1592,10.1034,10.2966,10.1516,10.2903,10.1196,10.1348,10.1526,10.1890,10.4004,10.5054,10.2746,10.4218,10.14814,10.1301,10.3170,10.1506,10.3162,10.1892,10.1256,10.7863","48228581","36970208","85198789"
"Brill (ID 50)","10.1163,10.2959","302157","166744","468901"
"Springer Nature (ID 297)","10.1007,10.1023,10.1038,10.2165,10.1057,10.1186,10.1140,10.3758,10.1361,10.1251,10.1379,10.1381,10.1385,10.1617,10.5052,10.7603,10.1208,10.1245,10.1114,10.4056,10.3858,10.1065,10.1013,10.17269,10.4333,10.5822","52655655","33596285","86251940"
"Schweizerbart","10.1127","57646","38416","96062"
"Informa UK Limited (ID 301)","10.1080,10.3810,10.1201,10.4324,10.3152,10.3109,10.1081,10.1207,10.2989,10.3939,10.1198,10.1623,10.3155,10.3763,10.1174,10.1586,10.7158,10.3200,10.5408,10.2513,10.4161,10.5370,10.5661,10.4113,10.5175,10.2167,10.3137,10.3826,10.1888,10.1582,10.1887,10.2976","15066947","6965166","22032113"
"Institute of Electrical and Electronics Engineers (IEEE) (ID 263)","10.1109,10.15325,10.23919","21084872","3373087","24457959"
"Elsevier BV (ID 78)","10.1016,10.1580,10.1006,10.7424,10.3816,10.1054,10.2353,10.1078,10.1053,10.2139,10.1067,10.14219,10.3921,10.4065,10.1197,10.1533,10.1331,10.1157,10.1383,10.2111,10.1529,10.3182,10.1240,10.3129,10.1205,10.7811,10.1602,10.1367","97079715","105486201","202565916"
"SAGE Publications (ID 179)","10.1177,10.3821,10.4135,10.1354,10.5126,10.3317,10.1243,10.1191,10.2182,10.1622,10.1606,10.7182,10.2511,10.15256,10.5301,10.1258,10.5367,10.1630,10.1345,10.4219,10.4137,10.5193,10.1106,10.5153,10.2968,10.1369,10.14240,10.5034,10.2189","7978522","2905035","10883557"
"Office of Scientific and Technical Information  (OSTI)","10.2172","41084","18082","59166"
"Oxford University Press (OUP) (ID 286)","10.1093,10.3382","11530527","6785205","18315732"
"International Association for Automation and Robotics in Construction (IAARC)","10.22260","368","70","438"
"Veruscript (ID 9521)","10.22261","13","5","18"
"Vitebsk State Medical University","10.22263,10.18484","30","2","32"
"CLIO: Revista de Pesquisa Historica","10.22264","0","0","0"
"Asociacion Colombiana de Nefrologia","10.22265","1","0","1"
"The Intelligent Networks and Systems Society","10.22266","124","30","154"
"Universidad de Narino","10.22267","14","0","14"
"Arab Society for Plant Protection","10.22268","0","0","0"
"Places Journal (ID 9533)","10.22269","108","-5","103"
"Society of Pharmaceutical Tecnocrats","10.22270","94","35","129"
"AkiNik Publications","10.22271","26","12","38"
"The Society of Modern Literary Theory","10.22273","0","0","0"
"The Society of Korean Oral Literature","10.22274","0","0","0"
"Global English Teachers Association","10.22275","0","0","0"
"Ethnoscientia","10.22276","1","0","1"
"Secretaria da Saude do Estado da Bahia","10.22278","26","0","26"
"Servico Nacional de Aprendizagem Comercial / SENAC SC","10.22279","12","3","15"
"Revinter","10.22280","1","-1","0"
"Bryansk State University","10.22281","1","0","1"
"The Online Journal of Recreation and Sport","10.22282","1","-1","0"
"Institute of Natural Science","10.22283","4","0","4"
"The Academy of Qualitative Research","10.22284","58","9","67"
"Korean Association of Legal Philosophy","10.22286","0","0","0"
"Revistas Integradas Campos Salles","10.22287","2","0","2"
"Federacao Brasileira de Gastroenterologia","10.22288","0","0","0"
"Psicologia e Saude em Debate","10.22289","1","-1","0"
"Revista Meio Ambiente e Sustentabilidade","10.22292","1","0","1"
"Faculdade Damas da Instrucao Crista","10.22293","0","0","0"
"Departamento de Educacao UFV","10.22294","0","0","0"
"Revista Grifos","10.22295","2","0","2"
"Revista Brasileira de Estudos Urbanos e Regionais (RBEUR)","10.22296","200","-11","189"
"Revista Fisisenectus","10.22298","0","0","0"
"Riset Perkebunan Nusantara","10.22302","4","0","4"
"University of Potensi Utama Medan","10.22303","1","0","1"
"Padjadjaran Jurnal Ilmu Hukum","10.22304","0","0","0"
"Universidad Nacional de la Patagonia Austral","10.22305","0","0","0"
"4S go, s.r.o.","10.22306","0","0","0"
"Edicions UIB","10.22307","0","0","0"
"Pedagogiatorteneti Szemle","10.22309","0","0","0"
"Cadernos de Pos-Graduacao em Disturbios do Desenvolvimento","10.22310","0","0","0"
"Medina Publishing Ltd. (ID 9576)","10.22311","4","0","4"
"SDU Journal of Health Sciences","10.22312","1","-1","0"
"Residential Environment Institute Of Korea","10.22313","2","0","2"
"FSBI All Russian Research Institute for Mechanization in Agriculture (VIM) (ID 9578)","10.22314","0","0","0"
"Philosophy of Coaching","10.22316","0","0","0"
"Naba'a Al-Hayat Foundation for Medical Sciences and Health Care","10.22317","3","1","4"
"International Society of the Learning Sciences","10.22318","2","0","2"
"Revista Mexicana de Ciencias Pecuarias","10.22319","21","3","24"
"Universidad del Bio Bio","10.22320","1","2","3"
"The Hallym Academy of Sciences","10.15797","1","1","2"
"Korea Association for International Commerce and Information","10.15798","59","7","66"
"Institute of Korean Independence Movement Studies","10.15799","0","0","0"
"The Korean Association of Ethics","10.15801","34","0","34"
"Dnipropetrovsk National University of Railway Transport (ID 6422)","10.15802","338","1","339"
"IJNC Editorial Committee","10.15803","220","-13","207"
"Wydawnictwo Adam Marszalek","10.15804","4","0","4"
"Turkiye Yesilay Cemiyeti","10.15805","13","2","15"
"World Journal of Traditional Chinese Medicine","10.15806","62","28","90"
"The Operations Research Society of Japan","10.15807","917","1241","2158"
"Libronet Bilgi Hizmetleri ve Yazilim San. Tic. Ltd., Sti.","10.15808","2","1","3"
"Brazilian Journal of Irrigation and Drainage - IRRIGA","10.15809","564","-17","547"
"The Korean Society for Investigative Cosmetology","10.15810","187","2","189"
"Journal of Korean Linguistics","10.15811","0","0","0"
"Research Institute of Science Education, Pusan National University","10.15812","77","7","84"
"Knowledge Management Society of Korea","10.15813","23","3","26"
"Korean Academic Society for Public Relations","10.15814","102","9","111"
"The Korean Society for Culture and Arts Education Studies","10.15815","30","3","33"
"The Altaic Society of Korea","10.15816","2","0","2"
"Institute for Humanities and Social Sciences","10.15818","20","-2","18"
"Korean Society for Art History","10.15819","0","0","0"
"Public Library of Science (PLoS) (ID 340)","10.1371","2762825","1040145","3802970"
"American Society of Animal Science (ASAS)","10.2527","257119","141540","398659"
"HMP Communications, LLC","10.25270","8","1","9"
"Science Journal of University of Zakho","10.25271","5","4","9"
"The Center for Political, Economic and Social Research (PESA)","10.25272","0","0","0"
"Universitas PGRI Madiun","10.25273","4","1","5"
"Bhatter College, Dantan","10.25274","1","0","1"
"Asia Pacific Institute of Advanced Research (APIAR)","10.25275","0","1","1"
"Publishing House Ophthalmology","10.25276","10","-1","9"
"Korean Association of Criminal Psychology","10.25277","0","0","0"
"Sekolah Tinggi Theologia Jaffray Makassar","10.25278","2","0","2"
"Saglik Akademisi Kastamonu","10.25279","1","0","1"
"EMW Publishing","10.2528","60054","5979","66033"
"Water Environment Federation","10.2175","13436","14652","28088"
"Reforesta","10.21750","25","6","31"
"PPI-UKM Indonesian Student Association","10.21752","0","0","0"
"Veterinaria Mexico OA","10.21753","3","2","5"
"Universidad Nacional de Ingenieria","10.21754","3","1","4"
"Indian Lichenological Society","10.21756","4","0","4"
"Agrotropica","10.21757","18","6","24"
"Korean Society for Indian Studies","10.21758","5","0","5"
"Chung-Ang Law Association","10.21759","16","2","18"
"Japan Neurosurgical Society","10.2176","19259","14093","33352"
"Ovid Technologies (Wolters Kluwer Health)","10.1097,10.1161,10.1212,10.11124,10.1249,10.1519,10.7123,10.2106,10.1203,10.1227,10.1213,10.5435,10.2459,10.1288,10.14309","12903492","9981473","22884965"
"Geological Society of America (ID 257)","10.1130","371277","423711","794988"
"Cambridge University Press (CUP) (ID 56)","10.1017,10.3815,10.7135,10.5948,10.5949,10.1557,10.3189,10.1375,10.4039,10.7313","4883890","2209466","7093356"
"American Physical Society (APS) (ID 16)","10.1103","16211918","6142167","22354085"
"American Chemical Society (ACS) (ID 316)","10.1021,10.26434,10.29200","15706062","21438766","37144828"
"Walter de Gruyter GmbH (ID 374)","10.1515,10.1524,10.2478,10.3884,10.2202","834665","421307","1255972"
"RCN Publishing Ltd.","10.7748","37464","9938","47402"
"Japan Society of Hydrology and Water Resources","10.3178","2204","572","2776"
"Radiance Research Academy","10.31782","1","0","1"
"Emergent Life Sciences Research","10.31783","0","0","0"
"Rasayan Journal of Chemistry","10.31788","1","0","1"
"IMSciD - International Multidisciplinary Scientific Database","10.31789","0","0","0"
"Japan Society of Ultrasonics in Medicine","10.3179","99","13","112"
"The Association For Korean Historical Studies","10.31791","0","0","0"
"Balikesir Universitesi Sosyal Bilimler Enstitusu Dergisi (ID 17039)","10.31795","0","0","0"
"Eskisehir Osmangazi Universitesi Muhendislik ve Mimarlik Fakultesi  Dergisi (ID 17036)","10.31796","0","0","0"
"Journal of Advances in VetBio Science and Techniques (ID 17042)","10.31797","0","0","0"
"Reactome","10.3180","4","0","4"
"Balai Pengembangan Media Televisi - BPMTV - Kemdikbud","10.31800","0","0","0"
"Academy Journal of Educational Sciences (ID 17040)","10.31805","0","0","0"
"Turkish Journal of Water Science and Management (ID 17038)","10.31807","0","0","0"
"Universidade de Sao Paulo Sistema Integrado de Bibliotecas - SIBiUSP (ID 4873)","10.11606","9578","1065","10643"
"Intellect (ID 358)","10.1386","13245","693","13938"
"ASME International (ID 33)","10.1115","668911","570821","1239732"
"BMJ (ID 239)","10.1136,10.1783","3270461","2746498","6016959"
"American Society of Plant Biologists (ASPB)","10.1104,10.1105","949290","692172","1641462"
"Quintessence Publishing","10.11607","7331","2667","9998"
"Croatian Nurses Association (CNA)","10.11608","1","0","1"
"Wildlife Information Liaison Development Society","10.11609","1609","273","1882"
"The Japanese Society of Nutrition and Dietetics","10.5264","2720","1294","4014"
"The Japanese Society for Cognitive Psychology","10.5265","58","15","73"
"The Institute of Positioning, Navigation and Timing of Japan","10.5266","0","2","2"
"Growing Science","10.5267","4857","738","5595"
"Freshwater Biological Association","10.5268","1220","430","1650"
"Sociedade Paranaense de Matematica","10.5269","157","18","175"
"European Space Agency","10.5270","452","37","489"
"Scandinavian Journal of Work, Environment and Health","10.5271","45551","17423","62974"
"Journal of IMAB","10.5272","204","-77","127"
"American Society of Sugarbeet Technologist","10.5274","1422","530","1952"
"Japan Society for Analytical Chemistry","10.2116","40380","50338","90718"
"Society of Materials Science, Japan","10.2472","8096","3862","11958"
"Mining and Materials Processing Institute of Japan","10.2473","2420","1236","3656"
"Mineralogical Society","10.1180","39098","52463","91561"
"American Society of Hematology (ID 234)","10.1182","849131","428591","1277722"
"Society of Petroleum Engineers (SPE)","10.4043,10.2118,10.7122,10.2523","180002","39710","219712"
"Okayama Medical Association","10.4044","86","699","785"
"University of Chicago Press (ID 200)","10.1086,10.5950,10.7208","5600609","1947231","7547840"
"Protein Data Bank, Rutgers University","10.2210","305","260","565"
"Recht Fuer Deutschland GmbH","10.7328","2","0","2"
"University Press of Colorado","10.7330,10.5876","311","10","321"
"Immediate Science Ecology","10.7332","4","1","5"
"International Association for Computerized Adaptive Testing","10.7333","14","3","17"
"Academicus Journal","10.7336","139","-7","132"
"Fundacja Upowszechniajaca Wiedze i Nauke Cognitione","10.7341","102","5","107"
"PAGEPress Publications","10.7343,10.4081","22923","9356","32279"
"Led Edizioni Universitarie","10.7358,10.7359","128","14","142"
"Centro Universitario Italo Brasileiro","10.7435","0","0","0"
"Omnipax Editora","10.7436","14","0","14"
"Brazilian Center for Physical Research","10.7437","4","0","4"
"Jurnalul de Chirurgie (Journal of Surgery)","10.7438","3","5","8"
"Scholar Science Journals","10.7439","350","108","458"
"Revistas Uniandes","10.7440,10.18389,10.18175","401","0","401"
"Tomas Bata University in Zlin","10.7441","211","37","248"
"International Institute of Design and Service","10.7442","0","0","0"
"Problemata: International Journal of Philosophy","10.7443,10.15440","3","0","3"
"Fundacao Instituto de Administracao","10.7444","10","4","14"
"Stellenbosch University","10.7445,10.20853,10.7832,10.7833,10.7166,10.21548,10.5787,10.5788,10.5789,10.15270,10.15249,10.5774,10.5784,10.5785,10.14803,10.14804,10.5952,10.7552,10.7553,10.24170,10.5842,10.24085,10.11564","1394","76","1470"
"Associacao Aerospacial Brasileira","10.7446","69","6","75"
"Faculdade de Tecnologia e Ciencias","10.7447","10","6","16"
"International AIDS Society","10.7448","6567","874","7441"
"F1000 ( Faculty of 1000 Ltd) (ID 2560)","10.3410,10.12703","4595","1457","6052"
"EDP Sciences (ID 250)","10.1051,10.2516,10.2515","1236616","398142","1634758"
"Proceedings of the National Academy of Sciences (ID 341)","10.1073","5046601","3874616","8921217"
"Willamette University","10.31096","0","0","0"
"The Kangwon Historical Society","10.31097","0","0","0"
"Research Synergy Foundation","10.31098","0","0","0"
"STKIP Andi Matappa","10.31100","1","0","1"
"Universitas Aisyiyah (UNISA) Yogyakarta","10.31101","0","0","0"
"Universitas Islam Madura (ID 16003)","10.31102","0","0","0"
"Akademi Sekretari dan Manajemen Taruna Bakti","10.31104","0","0","0"
"Fakultas Ekonomi dan Bisnis Universitas Islam Malang","10.31106","0","0","0"
"FSBI Scientific and Research Financial Institute","10.31107","0","0","0"
"Psychological Journal","10.31108","0","0","0"
"ZAGENO","10.31109","0","0","0"
"Informa Healthcare (ID 3197)","10.3111,10.1517,10.1185","237088","151308","388396"
"Makarenko Sumy State Pedagogical University Physical and Mathematical Education","10.31110","0","0","0"
"ISTEC - Instituto Superior de Tecnologias Avancadas","10.31112","0","0","0"
"STIA Lan Bandung","10.31113","0","0","0"
"Korean Academy of Dysphagia Rehabilitation","10.31115","0","0","0"
"Institute of Cytology of the Russian Academy of Sciences","10.31116","0","0","0"
"Neurotak Publishing","10.31117","0","0","0"
"International Foundation for the Support of Social Research and Education Intersozic","10.31119","0","0","0"
"Erdkunde","10.3112","2663","1479","4142"
"Katre, Uluslararasi Insan Arastirmalari Dergisi","10.31120","0","0","0"
"Tefsir Arastirmalari Dergisi (ID 16067)","10.31121","0","0","0"
"SineFilozofi (ID 15933)","10.31122","0","0","0"
"Akdeniz Universitesi Iletisim Fakultesi Dergisi (ID 16081)","10.31123","0","0","0"
"Hacettepe Universitesi Hemsirelik Fakultesi Dergisi (ID 15987)","10.31125","0","0","0"
"Akra Kultur Sanat ve Edebiyat Dergisi (ID 16060)","10.31126","0","0","0"
"Turkish Journal of Engineering (ID 16017)","10.31127","1","0","1"
"The Royal Australian College of General Practitioners","10.31128","0","0","0"
"LUMA Centre Finland","10.31129","0","0","0"
"Data Trace Publishing Company","10.3113","13149","8836","21985"
"The University of Danang","10.31130","0","1","1"
"Koreanische Hesse-Gesellschaft","10.31133","0","0","0"
"Archivos de Pediatria del Uruguay","10.31134","0","0","0"
"Korean Cleft Lip and Palate Association","10.31136","0","0","0"
"The Korea Association of Education Consulting and Coaching","10.31137","0","0","0"
"PCO Convin","10.31138","0","0","0"
"Exemplum Tomasz Adamski","10.31139","0","0","0"
"Centraalbureau voor Schimmelcultures (CBS)","10.3114","6027","2707","8734"
"Institute of Biology of Komi Scientific Centre of the Ural Branch of the Russian Academy of Sciences","10.31140","0","0","0"
"The Faculty of Law in Split","10.31141","0","0","0"
"South Asia Management Association","10.31142","0","0","0"
"Kabardino-Balkarian State University","10.31143","0","0","0"
"A.P. Ershov Institute of Informatics Systems SB RAS","10.31144","0","0","0"
"International Association of Language and Literature","10.31147","0","0","0"
"Military Health Policy Research Center","10.31148","0","0","0"
"Association for Computational Linguistics (ACL)","10.3115,10.18653","72444","4587","77031"
"JSTOR (ID 1121)","10.2307","6426926","4023765","10450691"
"Defense Technical Information Center (DTIC)","10.21236","23668","5006","28674"
"Emerald (ID 140)","10.1108,10.5042","1440261","314150","1754411"
"AIP Publishing (ID 317)","10.1063","8736352","4904576","13640928"
"IOP Publishing","10.1088,10.1070,10.1209","5412557","2452803","7865360"
"Organisation for Economic Co-Operation and Development  (OECD)","10.1787,10.1786","33957","7419","41376"
"Royal College of General Practitioners (ID 1987)","10.3399","16009","2851","18860"
"The Editorial Committee of Annals of Vascular Diseases","10.3400","905","595","1500"
"Co-Action Publishing (ID 1989)","10.3402,10.4176,10.17585","77486","-274","77212"
"Smithsonian Institution (ID 3444)","10.5962,10.5479","110713","16917","127630"
"Korean Association of Information Education","10.14352","69","1","70"
"The Sociolinguistic Society of Korea","10.14353","0","0","0"
"The Yeats Society of Korea","10.14354","4","0","4"
"Science and Engineering Publishing Company","10.14355","352","182","534"
"Hosokawa Powder Technology Foundation","10.14356","1751","2303","4054"
"Federal Investigation Centre for Information and Control","10.14357","14","0","14"
"American Society for Photogrammetry and Remote Sensing","10.14358","18402","6300","24702"
"American Concrete Institute","10.14359","1379","484","1863"
"Atlantis Press (ID 1574)","10.2991","8863","2595","11458"
"Frontiers Media SA (ID 1965)","10.3389","481946","186776","668722"
"Illuminating Engineering Society of Japan","10.2150","1484","1056","2540"
"Universidad de San Buenaventura","10.21500","684","247","931"
"Universidad Catolica Luis Amigo","10.21501","12","0","12"
"Byte Systems - Solucoes Digitais","10.12702","1875","-86","1789"
"Institute of Systems Biology","10.12704","2","2","4"
"International Association for Plant Taxonomy","10.12705","2187","512","2699"
"Asociacion Interprofesional Desarrollo Agrario (AIDA)","10.12706","16","5","21"
"Health Sciences Research Unit: Nursing","10.12707","208","34","242"
"MESTE NGO","10.12709","10","0","10"
"Japan Society for Bioscience, Biotechnology, and Agrochemistry","10.1271","129529","125713","255242"
"The International Association For Korean Language Education","10.18209","185","49","234"
"The Korean Society for Human Resource Development","10.18211","156","-1","155"
"The Society for Chinese Cultural Research","10.18212","0","0","0"
"The Classical Chinese Literature Association of Korea","10.18213","22","2","24"
"Korean Association of EMG Electrodiagnostic Medicine","10.18214","7","0","7"
"Kangwon National University Institute of Comparative Legal Studies","10.18215","64","-2","62"
"Confucianism Research Institute","10.18216","5","5","10"
"Institute of Hispanic Studies","10.18217","4","0","4"
"Institute for Mediterranean Studies","10.18218","25","11","36"
"Daedong Institute for Korean Studies","10.18219","3","4","7"
"Karadeniz Incelemeleri Dergisi","10.18220","0","0","0"
"Beykent Unversity Journal of Social Sciences","10.18221","2","0","2"
"Fundacao Carlos Chagas","10.18222","581","-104","477"
"Revista Historia e Cultura","10.18223","8","1","9"
"Pontificia Universidade Catolica de Goias -PUC Goias","10.18224","5","1","6"
"IBICT","10.18225","12","3","15"
"Universidade Caixias do Sul","10.18226","23","4","27"
"Universidade Federal de Roraima","10.18227","222","-5","217"
"Kocatepe Medical Journal","10.18229","0","0","0"
"The Korea Association of Yeolin Education","10.18230","3","-1","2"
"Innovative Publication","10.18231","2","3","5"
"Associacao Nacional de Programas de Pos-Graduacao em Ciencias Contabeis (ANPCONT)","10.14392","23","2","25"
"EDUFU - Editora da Universidade Federal de Uberlandia","10.14393","256","52","308"
"Journal of Divinity Faculty, Hitit University","10.14395","1","0","1"
"Korean Academy of Human Resource Management","10.14396","42","0","42"
"Institute of Agriculture and Life Science, Gyeongsang National University","10.14397","140","15","155"
"The City Planning Institute of Japan","10.14398","10","2","12"
"The Academy of Clinical Dentistry","10.14399","4","3","7"
"The Korea Society of Digital Policy and Management","10.14400","742","17","759"
"Korean Academy of Sleep Medicine","10.14401","29","1","30"
"Korean Association of Maxillofacial Plastic and Reconstructive Surgeons","10.14402","49","15","64"
"Chungcheong Mathematical Society","10.14403","154","-17","137"
"Korean Society of Archives and Records Management","10.14404","22","1","23"
"The Korean Society of Veterinary Science (KJVR)","10.14405","76","19","95"
"Society for Meridian and Acupoint (ID 5533)","10.14406","100","9","109"
"Korean Association for Radiation Protection","10.14407","117","34","151"
"The Korea Society of Emergency Medical Services","10.14408","63","0","63"
"Universidad Nacional del Litoral","10.14409","83","14","97"
"Society of Exploration Geophysicists (ID 186)","10.1190,10.4133","253284","71018","324302"
"Georg Thieme Verlag KG (ID 194)","10.1055,10.1160,10.15265,10.3414,10.3415,10.12687,10.4338,10.3413,10.15653,10.15654,10.5482","810711","819588","1630299"
"Geological Society of London (ID 1881)","10.1144","106943","143232","250175"
"Association for Computing Machinery (ACM) (ID 320)","10.1145","2926158","407386","3333544"
"Japanese Urological Association","10.5980","1165","949","2114"
"Japan Society for Head and Neck Cancer","10.5981","777","72","849"
"The Academic Society of Japanese Garden","10.5982","0","3","3"
"Japan Society for Comparative Endocrinology","10.5983","15","2","17"
"Japanese Society for Laser Dentistry","10.5984","162","37","199"
"Japan Society for Environmental Chemistry","10.5985","905","507","1412"
"Japanese Research Association for Food Irradiation","10.5986","68","31","99"
"Japan Society of Sport Sociology","10.5987","44","-27","17"
"The Japan Institute of Marine Engineering","10.5988","236","83","319"
"The Japanese Society for Multiphase Flow","10.3811","414","289","703"
"Japan Organization of Clinical Dermatologists","10.3812","4","0","4"
"S. Hirzel Verlag","10.3813","2519","1154","3673"
"Hindawi Limited (ID 98)","10.3814,10.4061,10.1155,10.7167,10.6064,10.5402,10.1100","662528","267293","929821"
"Telos Press","10.3817","1958","138","2096"
"Justice Research and Statistics Association","10.3818","1151","191","1342"
"Comparative Cognition Society","10.3819","381","254","635"
"Japanese Society for Pharmacoepidemiology","10.3820","143","13","156"
"LLC Information and Research Center Likarska Sprava","10.31640","0","0","0"
"The City University of New York","10.31641","2","0","2"
"University of Kufa - Faculty of Computer Science and Mathematics","10.31642","0","0","0"
"Institute of Metallurgy and Ore Benefication","10.31643","0","0","0"
"Universidad Autonoma de Chiapas","10.31644","0","0","0"
"Shaheed Zulfiqar Ali Bhutto Institute of Science and Technology","10.31645","0","0","0"
"Koreanische Kafka Gesellschaft","10.31647","0","0","0"
"Uniwersytet Warminsko-Mazurski","10.31648","0","0","0"
"Japanese Society for Pediatric Nephrology","10.3165","44","43","87"
"Bohdan Khmelnytsky National University Of Cherkasy","10.31651","0","0","0"
"Vinnytsia Mykhailo Kotsiubynskyi State  Pedagogical University","10.31652","0","0","0"
"Nizhyn Mykola Gogol State University","10.31654","0","0","0"
"Asthma and Allergy","10.31655","0","0","0"
"Pia Sociedade de Sao Paulo FAPCOM","10.31657","0","0","0"
"Stroymaterialy","10.31659","0","0","0"
"Lavoisier","10.3166","14383","7510","21893"
"Royal College of Surgeons of England","10.1308","12934","7495","20429"
"Lithuanian Research Centre for Agriculture and Forestry (ID 5218)","10.13080","399","99","498"
"Korean Society for the History of Medicine","10.13081","30","0","30"
"Crop Breeding and Applied Biotechnology","10.13082","171","22","193"
"Revista Engenharia na Agricultura","10.13083","250","-3","247"
"Net Journals","10.30918","10","0","10"
"Engineered Science Publisher (ID 12370)","10.30919","42","35","77"
"Universidad Nacional Mayor de San Marcos","10.30920","0","0","0"
"Eotvos Lorand University (ELTE)","10.30921,10.21862,10.24029,10.29285,10.17668,10.31074,10.26830,10.26888","1","0","1"
"Red.es","10.30923","0","0","0"
"Faculty of Economics, University of Split","10.30924","1","0","1"
"University of Rijeka Faculty of Law","10.30925","0","0","0"
"International Journal of Public Finance (ID 12376)","10.30927","0","0","0"
"Revista de Relatos de Casos do ABC","10.30928","0","0","0"
"Kremenchuk Mykhailo Ostohradskyi National University","10.30929","0","0","0"
"INNOTEC Gestion","10.30930","0","0","0"
"Journal of Engineering Technology and Applied Science (ID 12390)","10.30931","0","0","0"
"Korean Public Land Law Association","10.30933","0","0","0"
"Kocaeli Universitesi Saglik Bilimleri Dergisi (ID 12393)","10.30934","0","1","1"
"Contemporary Educational Technology (ID 12395)","10.30935","0","0","0"
"Institute of Civil Society","10.30936","0","0","0"
"Boletim Cearense de Educacao e Historia da Matematica - BOCEHM","10.30938","0","0","0"
"International Journal of Automotive Science and Technology (ID 12394)","10.30939","0","0","0"
"Korean Association for Qualitative Inquiry","10.30940","0","0","0"
"Electrical Engineering Press Co. Ltd.","10.30941","0","0","0"
"APD SKEG","10.30943","0","0","0"
"Asociacion Colombiana de Cirugia","10.30944","0","0","0"
"Koreanische Gesellschaft fuer Deutsche Sprache Und Literatur (ID 12407)","10.30947","0","0","0"
"UACES","10.30950","0","0","0"
"Onjourn Publishers Pvt. Ltd.","10.30951","0","0","0"
"Societe Algerienne de Nutrition","10.30952","0","0","0"
"Partners in Digital Health (ID 15189)","10.30953","5","0","5"
"New Delhi Publishers","10.30954","0","0","0"
"University of the Aegean","10.30955","33","69","102"
"Missouri Academy of Science","10.30956","2","0","2"
"Center of Language and Culture Studies","10.30957","1","0","1"
"Athens Institute for Education and Research ATINER","10.30958","8","2","10"
"Balai Pelestarian Nilai Budaya Jawa Barat","10.30959","0","0","0"
"Korean Association for Conservation of Nature","10.30960","3","1","4"
"Language Education Institute, Seoul National University (ID 16048)","10.30961","1","0","1"
"E-compos","10.30962","3","0","3"
"Arachnologische Mitteilungen (ID 15937)","10.30963","2","1","3"
"Ankara Universitesi Egitim Bilimleri Fakultesi Dergisi (ID 16058)","10.30964","0","0","0"
"NATO Strategic Communications Centre of Excellence","10.30966","6","0","6"
"International Journal of Current Research in Science, Engineering & Technology (IJCRSET)","10.30967","0","0","0"
"Revista Brasileira de Farmacia Hospitalar e Servicos de Saude","10.30968","0","0","0"
"Agropecuaria Cientifica no Semiarido","10.30969","0","0","0"
"Landscape Online","10.3097","303","111","414"
"Ivan Franko National University of Lviv (ID 14744)","10.30970","6","6","12"
"Allama Iqbal Open University","10.30971","0","0","0"
"Universidad Nacional del Nordeste","10.30972","0","0","0"
"Universidad Autonoma del Estado de Morelos","10.30973","0","0","0"
"ARSRIPPI","10.30975","0","0","0"
"Sosyal Ekonomik Arastirmalar Dergisi (ID 16064)","10.30976","0","0","0"
"Publishing Company VIT-A-POL","10.30978","0","0","0"
"Associacao Brasileira de Ensino Odontologico ABENO","10.30979","3","0","3"
"Agricultural History Society","10.3098","165","69","234"
"The Ornithological Society of Korea","10.30980","0","0","0"
"NGES STD","10.30981","0","0","0"
"PIA HE MIA","10.30982","0","0","0"
"IAIN Bukittinggi","10.30983","0","0","0"
"IAIN Manado (ID 15995)","10.30984","0","0","0"
"Humanistica Lovaniensia","10.30986","0","0","0"
"Bryansk State Technical University BSTU (ID 15045)","10.30987","0","0","0"
"Politeknik APP Jakarta","10.30988","0","0","0"
"PPPM STIKES Jen. Achmad Yani Yogykarta","10.30989","0","0","0"
"Museum of Comparative Zoology, Harvard University","10.3099","306","55","361"
"International Journal of Machine Learning and Networked Collaborative Engineering (ID 16090)","10.30991","0","0","0"
"The Korean Association of Party Studies","10.30992","0","0","0"
"STEI Tazkia","10.30993","0","0","0"
"STIKes Surya Mitra Husada (ID 16037)","10.30994","0","0","0"
"Sekolah Tinggi Teologi Pelita Bangsa Jakarta","10.30995","2","0","2"
"Universitas 17 Agustus 1945 Surabaya","10.30996","0","0","0"
"Universitas Djuanda","10.30997","1","0","1"
"Universitas Indraprasta PGRI","10.30998","0","0","0"
"Universitas Islam Nusantara","10.30999","0","0","0"
"Harvard University Botany Libraries","10.3100","563","65","628"
"Universitas Muhammadiyah Tangerang","10.31000","0","0","0"
"Universitas Tidar","10.31002","0","0","0"
"Universitas Pahlawan Tuanku Tambusai","10.31004","0","0","0"
"Girisimcilik Inovasyon ve Pazarlama Arastirmalari Dergisi (ID 15969)","10.31006","0","0","0"
"Institute of Humanities Research KBSC RAS","10.31007","0","0","0"
"Institute of Korean Democracy (IKD)","10.31008","0","0","0"
"Universitat Pompeu Fabra","10.31009","0","0","0"
"Kentucky Academy of Science","10.3101","146","21","167"
"Empress Publishing, LLC (ID 16101)","10.31010","0","0","0"
"Revista Enfermagem Atual","10.31011","0","0","0"
"Brazil Publishing","10.31012","0","0","0"
"Peak Health Center","10.31013","0","0","0"
"Asian Institute of Research","10.31014","0","0","0"
"International Journal of Agriculture Environment and Food Sciences (ID 16073)","10.31015","0","0","0"
"Asociacion Civil Herpetologica Argentina","10.31017","0","0","0"
"ANSF Publications","10.31018","79","40","119"
"University of California Press","10.1525","244459","68090","312549"
"Fordham University Press","10.5422","3033","45","3078"
"Korean Society of Plant Pathology","10.5423","4673","891","5564"
"Instituto Nacional de Investigacion y Tecnologia Agraria y Alimentaria (INIA) (ID 3816)","10.5424","5691","2498","8189"
"International Journal of Land Systems","10.5425","0","0","0"
"The Japan Laryngological Association","10.5426","347","40","387"
"Carl Hanser Verlag","10.3139","25891","12535","38426"
"IGI Global (ID 2432)","10.4018","108408","8772","117180"
"Wydawnictwo SIGMA-NOT, sp. z.o.o.","10.15199","317","34","351"
"ASTM International","10.1520","87261","56707","143968"
"Korea Distribution and Logistics Policy Association","10.22321","0","0","0"
"Center for Handicraft and Batik","10.22322","0","0","0"
"Sissa Medialab","10.22323","256","7","263"
"Korean Society for Internet Information (KSII)","10.3837","1265","139","1404"
"JStage (Ornithological Society of Japan)","10.3838","685","309","994"
"Korean Society for Applied Biological Chemistry (ID 2183)","10.3839","1934","644","2578"
"Wolfram Research, Inc.","10.3840,10.25088,10.3888,10.24097","63","8","71"
"American Society of Agronomy","10.2134,10.4195,10.3198","184635","180051","364686"
"Crop Science Society of America","10.2135,10.3835","130180","80405","210585"
"Herpetological Society of Japan","10.5358,10.3105","599","140","739"
"Japan Association for Wind Engineering","10.5359","221","177","398"
"The Membrane Society of Japan","10.5360","614","516","1130"
"The Medical Society of Kansai Medical University","10.5361","56","48","104"
"Japan Science Support Foundation","10.5363","128","8","136"
"EMH Swiss Medical Publishers, Ltd.","10.4414","1586","584","2170"
"CISP Journal Services","10.22230","1221","357","1578"
"Agricultura, Sociedad y Desarrollo","10.22231","7","1","8"
"Mizoram University","10.22232","2","2","4"
"British Small Animal Veterinary Association","10.22233","69","-6","63"
"Culturales","10.22234","0","0","0"
"Universidad Catolica de Uruguay","10.22235","4","-1","3"
"University of Muhammadiyah Prof. Hamka (UHAMKA)","10.22236","2","1","3"
"Wayne State University Library System (ID 9499)","10.22237","1314","567","1881"
"Revista Cerrados","10.22238","0","0","0"
"Vigilancia Sanitaria em Debate: Sociedade, Ciencia y Tecnologia","10.22239","3","0","3"
"Scientific Journal Publishers Ltd (ID 1070)","10.2224","14775","4934","19709"
"LookUs Bilisim A.S.","10.5505","1560","652","2212"
"Jagiellonian University","10.5506","3597","768","4365"
"Palacky University Olomouc","10.5507","5513","1991","7504"
"Journal of Hebrew Scriptures","10.5508","33","1","34"
"Pacific Affairs","10.5509","1256","145","1401"
"Oil Gas Scientific Research Project Institute","10.5510","17","9","26"
"Japanese Society for Plant Cell and Molecular Biology","10.5511","6716","2054","8770"
"Natural Resources Canada/ESS/Scientific and Technical Publishing Services","10.4095","6537","2977","9514"
"Spandidos Publications","10.3892","77659","23444","101103"
"Duke University Press","10.1215","201777","59621","261398"
"Iberoamerican Journal of Industrial Engineering","10.13084","13","2","15"
"Forschungsinstitut Freie Berufe","10.13085","295","65","360"
"Revista Ecologia e Nutricao Florestal","10.13086","7","0","7"
"The Korea Society of Environmental Restoration Technology","10.13087","159","5","164"
"Korea Intelligent Information System Society","10.13088","146","7","153"
"Korea Institute of Information Security and Cryptology","10.13089","272","8","280"
"American Society for Clinical Pathology (ASCP)","10.1309","48632","30496","79128"
"Thomas Land Publishers","10.1310","17672","6159","23831"
"American Psychological Association (APA)","10.1037","4530463","2264755","6795218"
"American Medical Association (AMA)","10.1001","3424931","2802068","6226999"
"Cold Spring Harbor Laboratory (ID 246)","10.1101,10.1261,10.14224","939986","577379","1517365"
"Association of Learned and Professional Society Publishers (ALPSP)","10.1087","2483","614","3097"
"NamesforLife, LLC","10.1601","171","298","469"
"Japan Society of Mechanical Engineers","10.1299","56972","32252","89224"
"The Electrochemical Society (ID 77)","10.1149","509571","646761","1156332"
"NIDA/RTI International","10.1151","703","367","1070"
"American Physiological Society (ID 24)","10.1152","1659070","775230","2434300"
"Society of Fiber Science and Technology Japan","10.2115","4555","2542","7097"
"E.T.S. de Ingenieria Agronomica (Universidad de Sevilla)","10.21151","0","0","0"
"Multiphysics","10.21152","3","0","3"
"Deakin University","10.21153","346","37","383"
"STAIN Ponorogo","10.21154","1","0","1"
"Faculty of Asian and Middle Eastern Studies","10.21156","0","0","0"
"Faculty of Veterinary Medicine, Syiah Kuala University (IVMA)","10.21157","3","0","3"
"Universidad EAN","10.21158","15","3","18"
"The Japan Foundation, Sydney","10.21159","28","1","29"
"Royal Society of Chemistry (RSC) (ID 292)","10.1039","4960056","5096291","10056347"
"American Meteorological Society","10.1175","1489223","418625","1907848"
"New England Journal of Medicine (NEJM/MMS)","10.1056","2516297","2287159","4803456"
"Canadian Center of Science and Education","10.5539","27597","3528","31125"
"Mary Ann Liebert Inc","10.1089","1203095","645282","1848377"
"American Society of Neuroradiology (ASNR) (ID 1756)","10.3174","55474","24495","79969"
"MSU Gensan Graduate School","10.31740","0","0","0"
"International Journal of Health Research and Medico-Legal Practice","10.31741","0","0","0"
"Katolicki Uniwersytet Lubelski Jana Pawla II","10.31743","0","0","0"
"Japan Society for Molecular Science","10.3175","13","3","16"
"Gesellschaft fur Musiktheorie (GMTH)","10.31751","0","0","0"
"Publishing House Nestor-Historia","10.31754","0","0","0"
"University of International Business","10.31756,10.31757","0","0","0"
"Physics Education Study Programme - UHAMKA","10.31758","0","0","0"
"University of Babylon Environmental Research Center","10.31759","0","0","0"
"Estonian Academy Publishers","10.3176","2964","1848","4812"
"ASCEE Publications","10.31763","0","0","0"
"Universitas Muhammadiyah Mataram","10.31764","0","0","0"
"KAREN - Karadeniz Arastirmalari Enstitusu Dergisi (ID 16972)","10.31765","0","0","0"
"Asociacion Espanola de Psiquiatria del Nino y del Adolescente - Aepnya (ID 16974)","10.31766","0","0","0"
"National Academy of Statistics Accounting and Audit","10.31767","0","0","0"
"Center for Academic Publications Japan","10.3177","17693","9508","27201"
"Quebec Nursing Intervention Research Network","10.31770","0","0","0"
"Federal State Budget Scientific Establishment The Russian Scientific Research Institute of Land Improvement Problems","10.31774","0","0","0"
"Southern Institute of Management (ID 16991)","10.31775","0","0","0"
"Russian State Scientific Center for Robotics and Technical Cybernetics","10.31776","0","0","0"
"The Korean Society of Legal History (ID 16996)","10.31778","0","0","0"
"Korean Comparative Public Law Association (ID 16998)","10.31779","0","0","0"
"PeerJ (ID 4443)","10.7717,10.7287","18297","4685","22982"
"Society for the Experimental Analysis of Behavior","10.1901","110282","57093","167375"
"American Academy of Periodontology (AAP)","10.1902","210459","60906","271365"
"World Scientific Pub Co Pte Lt (ID 219)","10.1142","735784","265348","1001132"
"Komsomolsk-na-Amure State Technical University","10.17084","3","4","7"
"The Editorial Office of Anesthesia and Pain Medicine (ID 6688)","10.17085","45","5","50"
"The Toursim Scicenes Society of Korea","10.17086","20","4","24"
"Bombay Natural History Society","10.17087","6","2","8"
"The Korea Society of Yang-Ming Studies","10.17088","2","0","2"
"The Korean Association for Governance","10.17089","77","-3","74"
"Society of Korean Classical Woman Literature","10.17090","26","0","26"
"Korean Society for World Music","10.17091","1","0","1"
"The Korea Academy of International Business Education","10.17092","13","-4","9"
"Alphanumeric Journal","10.17093","10","0","10"
"Ataturk Universitesi Veteriner Bilimleri Dergisi","10.17094","7","-1","6"
"Korea Reading Association","10.17095","1","0","1"
"Journal of Istanbul University Faculty of Dentistry","10.17096","6","5","11"
"Ataturk University Journal of the Agricultural Faculty","10.17097","0","0","0"
"Ankara Medical Journal","10.17098","6","1","7"
"Forestist","10.17099","7","1","8"
"Nevsehir Bilim ve Teknoloji Dergisi","10.17100","1","0","1"
"College of Natural Resources (Royal University of Bhutan)","10.17102","2","0","2"
"Asociacion Espanola de Profesores de Derecho Internacional y Relaciones Internacional","10.17103","8","1","9"
"C.H. Beck","10.17104,10.15358","3849","152","4001"
"Copernicus GmbH (ID 3145)","10.5194,10.7482","483443","215337","698780"
"Society for American Archaeology","10.7183","2676","1126","3802"
"Asociacion Nacional de Historia y Antropologia de los Cuidados","10.7184","10","3","13"
"European Association of Geochemistry","10.7185","495","540","1035"
"Kolej Islam Darul Ridzuan (ID 4202)","10.7187","16","1","17"
"Hungarian Dermatological Society","10.7188","2","0","2"
"Edinburgh University Global Health Society","10.7189","1316","230","1546"
"Sheffield Hallam University","10.7190,10.3351","525","90","615"
"University of Massachusetts Medical School","10.7191","127","21","148"
"Japan Society of Sport Anthropology","10.7192","0","0","0"
"In Quarto - Editions EMS","10.7193","132","10","142"
"Asociacion Cientifica ICONO14","10.7195","91","-11","80"
"South African MedicalAssociation NPC","10.7196","4772","1027","5799"
"Cumhuriyet Medical Journal","10.7197","23","14","37"
"Associacao Academica de Propriedade Intelectual","10.7198","61","-7","54"
"Pediatric Oncall","10.7199","8","1","9"
"ESIC Business and Marketing School","10.7200,10.7263","15","2","17"
"Asociacion Española de Economia Agraria","10.7201","159","97","256"
"Association for the Advancement of Medical Instrumentation (AAMI)","10.2345","1016","277","1293"
"The Tire Society","10.2346","1638","777","2415"
"Department of Biomedical Imaging, University of Malaya, Malaysia","10.2349","652","242","894"
"Society for Pediatric Pathology (SPP)","10.2350","3829","2056","5885"
"Laser Institute of America","10.2351","4463","3713","8176"
"Society for Imaging Science & Technology","10.2352","1912","532","2444"
"Primate Society of Japan","10.2354","412","258","670"
"Japanese Society for Dialysis Therapy","10.4009","648","180","828"
"Japan Society of Lipid Nutrition","10.4010","41","13","54"
"Japan Society of Colour Material","10.4011","681","551","1232"
"Japanese Society for Dental Materials and Devices","10.4012","12398","7064","19462"
"UNISINOS - Universidade do Vale do Rio Dos Sinos","10.4013","1071","-149","922"
"Trans Tech Publications (ID 2457)","10.4028","147598","123718","271316"
"British Machine Vision Association and Society for Pattern Recognition","10.5244","25059","1810","26869"
"Journal of Chinese Pharmaceutical Sciences","10.5246","114","129","243"
"Mycotaxon, Ltd.","10.5248","2925","519","3444"
"Journal of Injury and Violence Research","10.5249","441","151","592"
"University of Nebraska Press","10.5250","696","50","746"
"Science Hub","10.5251","1184","188","1372"
"Museum National d'Histoire Naturelle, Paris, France","10.5252","2318","809","3127"
"Netherlands Ornithologists' Union","10.5253","1821","262","2083"
"Rubber Division, ACS","10.5254","31590","18715","50305"
"Manchester University Press","10.7228,10.9760,10.7765,10.7227","8615","539","9154"
"National Science Museum of Korea","10.7229","35","37","72"
"Korean Society of Cartoon Animation Studies (ID 4234)","10.7230","45","5","50"
"The Korean Society of Oriental Neuropsychiatry","10.7231","373","43","416"
"Korean Institute of Industrial Engineers","10.7232","730","98","828"
"The Korea Society of Costume","10.7233","329","3","332"
"The Korean Society for Composite Materials","10.7234","230","38","268"
"Korean Society of Horticultural Science","10.7235","404","72","476"
"The Institute of Webcasting, Internet and Telecommunication","10.7236","473","3","476"
"Portland Press Ltd. (ID 288)","10.1042","990363","929789","1920152"
"Universidade Tecnologica Federal do Parana (UTFPR)","10.3895","239","-50","189"
"International Bee Research Association","10.3896","4713","946","5659"
"Pensoft Publishers (ID 2258)","10.3897,10.15560","20818","2461","23279"
"PERSEE Program (ID 2000)","10.3406","132957","27023","159980"
"Institution of Engineering and Technology (IET)","10.1049","848020","189302","1037322"
"Instituto de Salud Carlos III/BNCS/SciELO Espana","10.4321","7614","6119","13733"
"Peter Lang, International Academic Publishers","10.3726","7107","-445","6662"
"Linguistic Society of America (ID 2085)","10.3765","2548","549","3097"
"American Academy of Audiology","10.3766","6242","2026","8268"
"Naturalis Biodiversity Center","10.3767","4550","1409","5959"
"RTI Press","10.3768","252","15","267"
"Japan Radioisotope Association","10.3769","3137","1724","4861"
"Philosophy Documentation Center","10.5840","48623","4378","53001"
"Akademizdatcenter Nauka","10.7868","903","-27","876"
"The Korean Society of Applied Pharmacology (ID 2506)","10.4062","2877","1618","4495"
"Institute of Mathematics, Polish Academy of Sciences","10.4064","19032","18707","37739"
"Brepols Publishers NV","10.1484","8234","30","8264"
"Universidad Peruana Cayetano Heredia","10.20453","267","123","390"
"Modern Science Publishers","10.20454","137","12","149"
"American Innovative Medical Sciences and Technologies (AIMSCI) Inc.","10.20455","32","2","34"
"Koreanische Gesellschaft fur Didaktik der Deutschen Sprache und Literatur","10.20456","0","0","0"
"Soosun Historical Association","10.20457","0","0","0"
"Journal of Global Strategic Management","10.20460","106","31","137"
"The Association of Korea Literary Theory and Criticism","10.20461","0","0","0"
"Global e-Business Association","10.20462","8","0","8"
"Korea Society for Exercise Nutrition","10.20463","86","27","113"
"Korean Development Economics Association","10.20464","4","0","4"
"Korea Internet of Things Society","10.20465","1","0","1"
"Korean Society of Pressure Vessels and Piping","10.20466","0","0","0"
"International Association for Human Caring","10.20467","86","-7","79"
"KKG Publications","10.20469","6","0","6"
"Czech Society for Systems Integration","10.20470","63","19","82"
"Sestre Milosrdnice University Hospital Center (KBC Sestre milosrdnice)","10.20471","35","11","46"
"International Institute of Social and Economic Sciences","10.20472","35","5","40"
"Universitas Airlangga","10.20473","48","23","71"
"TAF Publishing","10.20474","3","0","3"
"Jurnal Ilmu Administrasi dan Organisasi:  Bisnis & Birokrasi","10.20476","1","0","1"
"LIBRI Kitap Tanitimi, Elestiri ve Ceviri Dergisi","10.20480","0","0","0"
"Korea Society of Coastal Disaster Prevention","10.20481","3","-1","2"
"International Convergence Management Association","10.20482","1","0","1"
"The Society of Korean Fiction","10.20483","0","0","0"
"The Korean Association for Local Government Studies","10.20484","28","-3","25"
"Islam Medeniyet Arastirmalari Dergisi (IMAD)","10.20486","0","0","0"
"Anadolu University Journal of Art and Design","10.20488","0","0","0"
"International Journal of Early Childhood Special Education (INT-JECSE)","10.20489","11","2","13"
"Research Opinions in Animal and Veterinary Sciences","10.20490","3","1","4"
"Journal of Business Research - Turk","10.20491","17","1","18"
"Birey ve Toplum Sosyal Bilimler Dergisi","10.20493","3","0","3"
"University of Debrecen/ Debreceni Egyetem","10.20494,10.18392,10.21791,10.5911,10.21867,10.21868,10.19055,10.21120,10.29116,10.21845,10.17667,10.12666,10.14794,10.24169,10.19041,10.29376,10.5484,10.5485,10.5486,10.30716,10.14413,10.17489","695","182","877"
"The Association of Korea Counseling Psychology Education Welfare","10.20496","0","0","0"
"Korean Academy Welfare Counseling","10.20497","1","0","1"
"East Asia Business Economics Association","10.20498","1","0","1"
"Biblioteca da Presidencia da Republica","10.20499","2","1","3"
"Revista Contemporanea de Educacao","10.20500","0","0","0"
"Instituto Perspectivas e Novos Desafios de Humanizacao do Direito Civil-Constitucional","10.20501","0","0","0"
"Revista Brasileira de Geomorfologia","10.20502","121","43","164"
"The Human Geographical Society of Japan","10.4200","504","89","593"
"The London Student Journal of Medicine","10.4201","0","2","2"
"Polska Akademia Nauk Instytut Paleobiologii (Institute of Paleobiology, Polish Academy of Sciences)","10.4202","2984","1178","4162"
"Civil-Comp, Ltd.","10.4203","1413","656","2069"
"Foundation of Computer Science (ID 3103)","10.5120","14123","605","14728"
"Swets & Zeitlinger Publishers (ID 191)","10.1076","67871","36777","104648"
"CABI Publishing (ID 242)","10.1079,10.12774","234452","122264","356716"
"American Library Association","10.5860","13318","4659","17977"
"SciELO Comision Nacional de Investigacion Cientifica Y Tecnologica (CONICYT)","10.4067,10.19064","34893","14564","49457"
"ISEAS - Yusof Ishak Institute","10.1355","6194","818","7012"
"Rockefeller University Press (ID 291)","10.1085,10.1084,10.1083","1696947","1897458","3594405"
"National Aviation University","10.18372","66","-2","64"
"International Academy of Business and Economics","10.18374","208","34","242"
"Exercise Fitness and Health Alliance","10.18376","29","5","34"
"Informacao Arquivistica","10.18377","2","0","2"
"Grupo Verde de Agroecologia e Abelhas","10.18378","43","3","46"
"Universidade Veiga de Almeida","10.18379","0","0","0"
"Columella","10.18380","3","2","5"
"EconoQuantum","10.18381","32","1","33"
"Jurnal Riset dan Aplikasi: Akuntansi dan Manajemen","10.18382","0","0","0"
"Grapho, LLC","10.18383","242","84","326"
"Moscow Regional State University","10.18384","3","0","3"
"Escuela Nacional de Ciencias Biologicas","10.18387","3","0","3"
"Polskie Towarzystwo Biochemiczne (Polish Biochemical Society)","10.18388","581","232","813"
"Universidade Estadual da Paraiba (UEPB)","10.18391","1","0","1"
"Eurasian Journal of Soil Sciences","10.18393","59","23","82"
"Is ve Insan Dergisi","10.18394","3","0","3"
"Publio Kiado","10.18395","0","0","0"
"Korean Theatre Studies Association","10.18396","4","0","4"
"The Korean Association for Comparative Government","10.18397","78","27","105"
"American Society of Mammalogists (ASM)","10.1644","29883","9754","39637"
"American Society of Parasitologists (ID 1220)","10.1645","25850","15563","41413"
"Association for Tropical Biology","10.1646","607","266","873"
"Association of Avian Veterinarians (AAV)","10.1647","2329","1740","4069"
"Association of Field Ornithologists","10.1648","2727","401","3128"
"Coleopterists Society","10.1649","2607","327","2934"
"Cooper Ornithological Society","10.1650","11495","5659","17154"
"The Pennsylvania State University Press","10.5325","1874","197","2071"
"American Animal Hospital Association","10.5326","13111","6343","19454"
"Zeppelini Editorial e Comunicacao","10.5327","544","651","1195"
"Association for Career and Technical Education Research","10.5328","494","36","530"
"FACECLA","10.5329","60","9","69"
"American School Counselor Association","10.5330","3787","316","4103"
"Japanese Society of Snow and Ice","10.5331","683","127","810"
"Japan Society of Coordination Chemistry","10.4019","60","29","89"
"Japanese Heart Rhythm Society","10.4020","28","11","39"
"Canada-China Clinical Medicine Study Association (CCCMSA)","10.4021","393","32","425"
"OpenEdition (ID 2399)","10.4000","37765","3171","40936"
"The Haworth Press","10.1300","289649","86104","375753"
"Universidad Nacional Agraria la Molina","10.21704","201","40","241"
"Molecular and Cellular Biomedical Sciences (MCBS) Office","10.21705","1","0","1"
"Klett-Cotta Journals","10.21706","139","-36","103"
"Gaia Scientia","10.21707","3","0","3"
"Editora da Universidade Federal Rural do Semi-Arido - EdUFERSA","10.21708","12","5","17"
"CASA: Cadernos de Semiotica Aplicada","10.21709","1","0","1"
"Japan Association on Odor Environment","10.2171","80","16","96"
"Revista Cientifica Hermes","10.21710","1","0","1"
"Latin American Journal of Energy Research","10.21712","0","0","0"
"CAPES","10.21713","15","1","16"
"ANPAD","10.21714","18","2","20"
"Geochimica Brasiliensis","10.21715","1","0","1"
"Institute of Language Research and Education","10.21716","0","0","0"
"Institute for Legal Studies, Yonsei University","10.21717","0","0","0"
"Korea Academic Society of Tourism Management","10.21719","11","-1","10"
"Japan Concrete Institute","10.3151","4554","3267","7821"
"Interface Tecnologica","10.31510","0","0","0"
"Universidade Regional Integrada do Alto U​ruguai e das Missoes","10.31512","0","0","0"
"Revista Linguistica","10.31513","0","0","0"
"Revista Liberato","10.31514","0","1","1"
"Autonomous Nonprofit Organization Publishing Dairy Industry","10.31515","0","0","0"
"Kharkiv State Academy of Culture","10.31516","0","0","0"
"Academus Publishing (ID 15171)","10.31519","0","0","0"
"Institute of Market Problems and Еconomic and  Ecological Research of the NAS of Ukraine","10.31520","0","0","0"
"Mykolayiv National Agrarian University (ID 16172)","10.31521","0","0","0"
"American Educational Association Multiple Linear Regression Special Interest Group","10.31523","0","0","0"
"Bangkok Dusit Medical Service (BDMS)","10.31524","1","0","1"
"Andromeda Publishing and Education Services","10.31526","2","0","2"
"Asociacion Fisica Argentina","10.31527","0","0","0"
"APUB Co. Ltd (ID 16419)","10.31528","0","0","0"
"Sarhad University of Science and IT Peshawar","10.31529","0","0","0"
"Scientific Web Journals (SWJ)","10.3153","59","25","84"
"Charmo University","10.31530","0","0","0"
"Edwiser International","10.31531","0","0","0"
"Rivera Publications Inc.","10.31532","1","1","2"
"Editora MV Valero","10.31533","0","0","0"
"Institut Pesantren Kh. Abdul Chalim Pact Mojokerto","10.31538","0","0","0"
"IPM2KPE","10.31539","1","0","1"
"The Visualization Society of Japan","10.3154","365","144","509"
"American Association for Cancer Research (AACR)","10.1158","1077083","537830","1614913"
"Magnolia Press","10.11646","24258","4418","28676"
"Open Book Publishers (ID 4923)","10.11647","280","7","287"
"Science Publishing Group","10.11648","5484","111","5595"
"Consortium Erudit (ID 4194)","10.7202","36872","4524","41396"
"IUCN","10.2305","4022","385","4407"
"The Chemical Society of Japan","10.1246","299273","401747","701020"
"The Sedimentological Society of Japan","10.4096","115","89","204"
"The Korean Society of Anesthesiologists","10.4097","6240","1239","7479"
"University Library System, University of Pittsburgh","10.5195","3262","489","3751"
"APGF-IFGW/UNICAMP","10.5196","4","1","5"
"British Society for Plant Pathology","10.5197","884","142","1026"
"Center for Transportation Studies","10.5198","613","471","1084"
"Association of Sport Tourism and Recreation","10.5199","84","16","100"
"Association of Lithuanian Serials (ID 3161)","10.5200","328","62","390"
"Image Processing On Line","10.5201","986","181","1167"
"Dipartimento di Economia, Universita di Perugia (IT)","10.5202","133","29","162"
"University of Manitoba Libraries","10.5203","8","3","11"
"Queensland University of Technology","10.5204","1046","36","1082"
"Revista de Enfermagem, UFPE Online","10.5205","123","13","136"
"Pharmaceutical Society of Japan","10.1248","231804","226854","458658"
"FARC of the North-East named N.V. Rudnitskogo","10.30766","0","0","0"
"Dil ve Edebiyat Arastirmalari Dergisi (ID 12218)","10.30767","0","0","0"
"Ulusal Spor Bilimleri Dergisi (ID 12219)","10.30769","0","0","0"
"Federation of State Medical Boards (ID 12221)","10.30770","3","0","3"
"CTOR Press","10.30771","0","0","0"
"Al-Qadisiyah Journal for Engineering Sciences (QJES)","10.30772","0","0","0"
"Korean Neuropsychiatric Association (ID 12228)","10.30773","15","2","17"
"The Association of Yeongju Language and Literature","10.30774","0","0","0"
"Korean Music Education Society","10.30775","0","0","0"
"The Korean Economic and Business Association","10.30776","0","0","0"
"Secondary Education Institute, Kyungpook National University","10.30777","0","0","0"
"Universidad de los Andes","10.30778,10.29263,10.13043","13","-3","10"
"CMM","10.30779","0","0","0"
"Institute of Technical and Scientific Research","10.30780","0","0","0"
"Revista Estudos e Pesquisas em Administracao (Repad)","10.30781","0","0","0"
"Uludag Universitesi Veteriner Fakultesi Dergisi (ID 12238)","10.30782","0","0","0"
"Nevsehir Haci Bektas Veli Universitesi SBE Dergisi (ID 12236)","10.30783","0","0","0"
"Ekonomi Politika ve  Finanas Arastirmalari  Dergisi (ID 12235)","10.30784","0","0","0"
"Mimarlik Bilimleri ve Uygulamalari Dergisi (ID 12233)","10.30785","0","0","0"
"STIKES Aisyiyah Surakarta","10.30787","0","0","0"
"Escuela Colombiana de Rehabilitacion","10.30788","2","1","3"
"Asociacion Colombiana de Neumologia y Cirugia de Torax","10.30789","0","0","0"
"Intercontact Science","10.30791","0","0","0"
"Institute for Mongolian, Buddhist and Tibetan Studies of the SBRAS","10.30792","0","0","0"
"Pamukkale Universitesi Sosyal Bilimler Enstitusu Dergisi (ID 12253)","10.30794","0","0","0"
"Associacao Brasileira de Medicina e Cirurgia do Tornozelo e Pe (ABTPe)","10.30795","0","0","0"
"Ali Nihat Gokyigit Egitim, Saglik, Kultur, Sanat ve Dogal Varliklari Koruma Vakfi (ANG Vakfi)","10.30796","0","0","0"
"Bilimsel Madencilik Dergisi (ID 12245)","10.30797","0","0","0"
"Mehmet Akif Ersoy Universitesi Iktisadi ve Idari Bilimler Fakultesi Dergisi (ID 12252)","10.30798","0","0","0"
"JACS Directory (ID 12249)","10.30799","3","0","3"
"Interdisciplinary Journal of Philosophy, Law and Economics","10.30800","0","0","0"
"Acta INFOLOGICA (ID 12250)","10.30801","0","0","0"
"American Association for Laboratory Animal Science","10.30802","0","0","0"
"Adnan Menderes Universitesi Sosyal Bilimler Enstitusu Dergisi (ID 12255)","10.30803","0","0","0"
"Cesm-i Cihan Tarih Kultur ve Sanat Arastirmalari E-Dergisi (ID 12260)","10.30804","0","0","0"
"Korean Journal of Agricultural Management and Policy","10.30805","0","0","0"
"Korean Association for Christian Scholarship","10.30806","0","0","0"
"The Korean School Mathematics Society (ID 12261)","10.30807","0","0","0"
"Interregional Public Organization Glaucoma Society","10.30808","0","0","0"
"Moscow Pharmaceutical Society","10.30809","0","0","0"
"Revista Ciencias da Sociedade","10.30810","0","0","0"
"Politeknik Negeri Lhokseumawe","10.30811","0","0","0"
"STMIK Bumigora Mataram (ID 12267)","10.30812","0","0","0"
"Universitas Bunda Mulia","10.30813","0","0","0"
"Universitas Islam Riau","10.30814","0","0","0"
"Fundatia Echo","10.30816","0","0","0"
"Badan Penelitian dan Pengembangan SDM Kominfo","10.30818","0","0","0"
"Logos Verlag Berlin (ID 12273)","10.30819","4","0","4"
"Psychosozial Verlag","10.30820","0","0","0"
"MIQOT Jurnal Ilmu ilmu Keislaman","10.30821","0","0","0"
"Prodi. Teknik Arsitektur Universitas Katolik Widya Mandira","10.30822","0","0","0"
"Revista de Estudios del Campo de Montiel","10.30823","0","0","0"
"The International Society of Hypertension","10.30824","0","0","0"
"Uniwersytet Przyrodniczy we Wroclawiu","10.30825","0","1","1"
"Torus Press","10.30826","0","0","0"
"Editorial de la Universidad de Granada","10.30827","1","0","1"
"EARDA","10.30828","5","0","5"
"UIN Sumatera Utara Medan","10.30829","0","0","0"
"TOBIDER","10.30830","0","0","0"
"Kuramsal Egitimbilim Dergisi (ID 12285)","10.30831","0","0","0"
"The Korean Society of Music Education Technology","10.30832","0","0","0"
"The Korea Society for Legal Theory and Practice","10.30833","0","0","0"
"Branch of Indian Psychiatric Society (Kerala)","10.30834","0","0","0"
"Institute of Geological Sciences of the National Academy of Sciences of Ukraine","10.30836","0","0","0"
"Kharkiv National University of Radioelectronics","10.30837","0","0","0"
"Research Institute of Ukrainian Studies","10.30840","0","0","0"
"Institute for Linguistic Studies Russian Academy of Sciences","10.30842","0","0","0"
"New Zealand Plant Protection Society","10.30843","6","-1","5"
"GITO mbH Verlag","10.30844","0","0","0"
"Center for Promoting Ideas","10.30845","2","-1","1"
"Pakistan Journal of Botany","10.30848","0","0","0"
"Vestnik of the Russian Agricultural Science","10.30850","0","0","0"
"Aatseel","10.30851","0","0","0"
"Asia-Pacific Network for Global Change Research (ID 12303)","10.30852","0","0","0"
"Gramota Publishers (ID 12302)","10.30853","0","0","0"
"Universidad Autonoma de Manizales","10.30854","1","0","1"
"Gazi Publishing","10.30855","0","0","0"
"Thai Association for the Study of the Liver","10.30856","0","0","0"
"Kyiv National University of Technologies and Design","10.30857","0","0","0"
"Instytut Ekonomiki Rolnictwa i Gospodarki Zywnosciowej Panstwowy Instytut Badawczy (ID 12316)","10.30858","0","0","0"
"Asociacion Meteorologica Espanola","10.30859","0","0","0"
"Fundacion Letamendi Forns","10.30860","0","0","0"
"Universitas Papua","10.30862","0","0","0"
"IAIN BONE","10.30863","0","0","0"
"STIKOM Bali","10.30864","0","0","0"
"Politeknik Kesehatan Kemenkes Aceh","10.30867","0","0","0"
"Al Hidayah Press","10.30868","0","0","0"
"Politeknik Gorontalo","10.30869","0","0","0"
"FKIP Universitas Sultan Ageng Tirtayasa","10.30870","0","0","0"
"Politeknik Negeri Batam","10.30871","0","0","0"
"Universitas Mulawarman","10.30872","0","0","0"
"Institut Informatika dan Bisnis (IIB) Darmajaya","10.30873","0","0","0"
"RJI","10.30874","0","0","0"
"World Trade Organization","10.30875","120","7","127"
"Begell House","10.1615","64089","41662","105751"
"Universitas Gadjah Mada","10.22146","257","123","380"
"Ansari Education and Research Society","10.22147","2","-1","1"
"CA: Journal of Cultural Analytics","10.22148","6","1","7"
"EEEIC International Publishing","10.22149","17","2","19"
"American Society of Nephrology (ASN)","10.2215,10.1681","185244","100299","285543"
"International Association for Political Science Students","10.22151","6","0","6"
"Aspect-Oriented Software Association (AOSA)","10.22152","18","4","22"
"Korean Society of Children's Literature and Education","10.22154","3","1","4"
"Association for Future Early Childhood Education","10.22155","9","0","9"
"Convergence Society for SMB","10.22156","4","0","4"
"GDG","10.22157","0","0","0"
"Scholink Co, Ltd.","10.22158","117","9","126"
"Innovare Academic Sciences Pvt Ltd","10.22159","238","62","300"
"Tax Law Association","10.16974","4","0","4"
"The Korean Academy of Family Social Work","10.16975","23","6","29"
"Studies on History Education","10.16976","1","0","1"
"The Japanese Society of Cerebral Blood Flow and Metabolism","10.16977","3","2","5"
"The Korean Society for Early Childhood Education and Care","10.16978","52","-35","17"
"The Japanese Modern Association of Korea","10.16979","0","0","0"
"Korea International Trade Research Institute","10.16980","56","6","62"
"Korean Library and Information Science Society","10.16981","304","33","337"
"Koreanische Nietzsche Gesellschaft","10.16982","0","0","0"
"The Korean School Psychology Association","10.16983","165","6","171"
"Sakarya University Journal of Science","10.16984","3","2","5"
"Hacettepe University Journal of Education","10.16986","6","1","7"
"Ankara Universitesi SBF Dergisi","10.16987","0","0","0"
"Journal of the Faculty of Veterinary Medicine Istanbul University","10.16988","5","0","5"
"The Journal of Turk-Islam World Social Studies","10.16989","0","0","0"
"The Journal of Social Sciences","10.16990","4","0","4"
"The Journal of International Education Sciences","10.16991","2","0","2"
"The Journal of Academic Social Sciences","10.16992","12","0","12"
"Stockholm University Press (ID 6601)","10.16993","105","13","118"
"Academy and Industry Research Collaboration Center (AIRCC)","10.5121","10851","642","11493"
"Chinese Birds (Press)","10.5122","456","46","502"
"Instituto Evandro Chagas","10.5123","1532","149","1681"
"Korean Medical Association (KAMJE)","10.5124","3049","215","3264"
"The Korean Association of Oral and Maxillofacial Surgeons (KAMJE)","10.5125","720","253","973"
"Textrum, Ltd.","10.5127","640","368","1008"
"Estonian Association for Applied Linguistics","10.5128","46","6","52"
"Comparative Politics CUNY","10.5129","2008","195","2203"
"University of Technology, Sydney (UTS) (ID 3097)","10.5130","2235","186","2421"
"University of Toronto Press Inc. (UTPress)","10.3138","41065","6953","48018"
"ITMO University","10.17586","172","36","208"
"New Technologies Publishing House","10.17587","47","2","49"
"Ivanovo State Power University (ISPU)","10.17588","8","3","11"
"Russian Law Journal","10.17589","18","1","19"
"Duke University Libraries","10.17602,10.7924","1","1","2"
"European Chemical Bulletin","10.17628","5","4","9"
"Korean Society of Water Science and Technology","10.17640","6","1","7"
"The Korean Association for Play Therapy","10.17641","9","0","9"
"Journal of Chitan and Chitosan","10.17642","13","3","16"
"The Korea Society for Child Education (KSCE)","10.17643","22","1","23"
"Hacettepe Journal of Sport Sciences","10.17644","0","0","0"
"Cogitatio","10.17645","1162","155","1317"
"KOME Journal","10.17646","21","0","21"
"University of Seoul Institute of Seoul Studies","10.17647","5","1","6"
"Galoa Events Proceedings","10.17648","24","-14","10"
"FapUNIFESP (SciELO) (ID 530)","10.1590,10.21800,10.7476","1025809","251430","1277239"
"Moscow Institute of Energy-Safety and Energy-Economy","10.18635","18","-16","2"
"Universidad Tecnologica del Choco Diego Luis Cordoba","10.18636","25","1","26"
"Foundation for Open Access Statistic","10.18637","36863","11762","48625"
"Publishing Society","10.18638","14","7","21"
"HATASO Enterprises LLC","10.18639","12","2","14"
"International Journal of Information Security Engineering","10.18640","0","0","0"
"Society of Biocontrol Advancement","10.18641","13","3","16"
"Scientific Advances Publishers","10.18642","31","6","37"
"Gineco.EU","10.18643","3","3","6"
"Rishi Educational Society","10.18645","0","0","0"
"New Millennium Discoveries","10.18646","16","2","18"
"Journal of Jewish Studies","10.18647","742","-9","733"
"The Korean English Education Society","10.18649","47","4","51"
"Enliven Archive","10.18650","4","7","11"
"Federal Reserve Bank of Kansas City","10.18651","1","0","1"
"The Korean Society of Fashion Design","10.18652","19","-1","18"
"British Editorial Society of Bone & Joint Surgery","10.1302","129325","92409","221734"
"Mason Publishing, George Mason University Libraries","10.13021","35","3","38"
"Korean Association of Pediatric Surgeons (KAMJE)","10.13029","18","0","18"
"Japanese Society of Applied Entomology & Zoology","10.1303","15084","9505","24589"
"American Society of Agricultural and Biological Engineers (ASABE)","10.13031","62690","51564","114254"
"Centre for Evaluation in Education and Science (CEON/CEES) (ID 3964)","10.5937","1573","291","1864"
"SPIE-Intl Soc Optical Eng (ID 189)","10.1117","540625","242161","782786"
"Hokkaido Sociological Association","10.7129","12","0","12"
"The Japanese Society of Extra-Corporeal Technology in Medicine","10.7130","27","8","35"
"The Chinese Linguistic Society of Japan","10.7131","16","4","20"
"Journal of Rainwater Catchment Systems","10.7132","35","6","41"
"Japan College of Angiology","10.7133","31","4","35"
"Japan Society of Phlebology","10.7134","35","1","36"
"Baltic Journal of Comparative and Clinical Systems Biology","10.7136","1","1","2"
"KEDGE","10.7137","6","0","6"
"AOTA Press (ID 2927)","10.7138,10.5014","43617","8022","51639"
"Japanese Society for Theatre Research, Comparative Theatre Section","10.7141","6","0","6"
"Japan Medical Library Association","10.7142","59","2","61"
"Japan Society of Health Evaluation and Promotion","10.7143","124","12","136"
"Ankara University","10.1501","671","233","904"
"Joule Inc.","10.1503,10.9778","59682","27089","86771"
"African Journals Online (AJOL)","10.4314","27922","5888","33810"
"Bioscientifica (ID 416)","10.1530","213892","203276","417168"
"Korea Association of Community Welfare Studies","10.15300","20","1","21"
"Korea Environmental Policy and Administration Society","10.15301","15","2","17"
"Editorial Department of Engineering Sciences","10.15302","488","195","683"
"Romanian Society of Experimental Applied Psychology (RSEAP)","10.15303","6","3","9"
"Universidad de Santiago de Compostela","10.15304","27","-11","16"
"ChanRe Healthcare and Research","10.15305","3","1","4"
"Dr. Vasantrao Pawar Medical College","10.15306","0","0","0"
"The Fibreculture Journal","10.15307","12","3","15"
"Singidunum University","10.15308","22","5","27"
"Sociedad Portuguesa de Psicologia da Saude","10.15309","44","4","48"
"Ancestral Health Society","10.15310","14","3","17"
"Selcuk Dental Journal","10.15311","0","0","0"
"Eurasian Journal of Veterinary Sciences","10.15312","15","3","18"
"Turkish Journal of Sport and Exercise","10.15314","12","-1","11"
"Selcuk Journal of Agriculture and Food Sciences","10.15316","1","0","1"
"Selcuk University Journal of Engineering, Science and Technology","10.15317","4","1","5"
"Journal of Fungus","10.15318","2","0","2"
"Carden Jennings Publishing Co.","10.1532","7186","5291","12477"
"The Korean Gerontological Research Society","10.25280","0","0","0"
"FSBI Russian State Library (ID 10921)","10.25281","15","-4","11"
"Tip Egitimi Dunyasi","10.25282","0","0","0"
"IBRAE RAN","10.25283","1","0","1"
"Association of Anesthesiologists of Ukraine","10.25284","0","0","0"
"The Centre for Independent Social Research (CISR)","10.25285","0","0","0"
"Revista de Engenharia e Pesquisa Aplicada","10.25286","0","0","0"
"Omer Halisdemir Universitesi Iktisadi ve Idari Bilimler Fakultesi Dergisi","10.25287","0","0","0"
"Turkiye Jeoloji Bulteni (ID 10918)","10.25288","2","0","2"
"The Korean Society for Laser Medicine and Surgery (ID 10914)","10.25289","12","1","13"
"PIERS Enterprise","10.2529","1679","229","1908"
"Friends of the Princeton University Library","10.25290","1","0","1"
"Little William Bourke","10.25291","0","0","0"
"JMIR Publications Inc. (ID 1010)","10.2196","69821","13292","83113"
"Information Processing Society of Japan","10.2197","2020","214","2234"
"University of Alberta Libraries (ID 11723)","10.21971,10.18732,10.18733,10.18740,10.18741,10.18432,10.18433,10.18435,10.18438,10.25336,10.29173,10.21432,10.20355,10.20360,10.20361,10.21225,10.21226,10.21230,10.21991,10.21992","4611","2622","7233"
"UCI School of Education","10.21977","0","0","0"
"Japanese Electrophoresis Society","10.2198","126","163","289"
"State University of Malang (UM)","10.17977","4","1","5"
"Universidade da Coruna","10.17979","34","-1","33"
"Cancer Research Frontiers","10.17980","47","18","65"
"Corporation Universidad de la Costa, CUC","10.17981","3","3","6"
"Kyoto University","10.17983","0","0","0"
"Adiyaman Universitesi Egitim Bilimleri Dergisi","10.17984","0","0","0"
"International Journal of Academic Research in Education","10.17985","1","-1","0"
"Bulletin of Legal Medicine","10.17986","27","17","44"
"International Cardiovascular Forum Journal","10.17987","35","196","231"
"Council for Children with Behavioral Disorders","10.17988","158","8","166"
"Aletheia - Associacao Cientifica e Cultural","10.17990","34","-12","22"
"Laeknabladid/The Icelandic Medical Journal","10.17992","2","1","3"
"Area de Innovacion y Desarrollo, S.L. 3 Ciencias","10.17993","2","1","3"
"Academic and Educational Forum on International Relations","10.17994","1","0","1"
"The Korean Society for German History","10.17995","0","0","0"
"The Japanese Society of Nuclear Cardiology","10.17996","111","91","202"
"The Center for Social Welfare Research Yonsei University","10.17997","13","-1","12"
"The Korean Liver Cancer Study Group","10.17998","3","1","4"
"The Study of History Education","10.17999","0","0","0"
"Sathyabama University","10.18000","122","12","134"
"Tobacco Regulatory Science Group","10.18001","234","176","410"
"University of Leon","10.18002","211","-51","160"
"National University of Singapore","10.18003","0","0","0"
"Instituto de Investigaciones en Ciencias de la Salud","10.18004","24","6","30"
"Bowen Publishing Company","10.18005","117","26","143"
"Japan Society of Applied Physics","10.1143,10.7567","939204","531003","1470207"
"Academy Publisher","10.4304","17359","1770","19129"
"Middle East Technical University, Faculty of Architecture","10.4305","81","44","125"
"Korean Neuropsychiatric Association (KAMJE)","10.4306","3405","1435","4840"
"Institute of Mathematical Statistics","10.1214","366720","207424","574144"
"Japanese Society of Internal Medicine","10.2169","39978","25813","65791"
"American Society for Clinical Investigation (ID 232)","10.1172","993692","1056270","2049962"
"Pleiades Publishing Ltd (ID 137)","10.1134","453455","138014","591469"
"Carnegie Museum of Natural History","10.2992","976","143","1119"
"Society of Ethnobiology","10.2993,10.14237","1198","468","1666"
"Brazilian Herpetological Society","10.2994","1169","162","1331"
"Japanese Association for Chest Surgery","10.2995","696","268","964"
"Japan Academy of Nursing Science","10.5630","378","7","385"
"The Society of Practical Otolaryngology","10.5631","1681","728","2409"
"Verlag Dr. Otto Schmidt","10.9785","309","11","320"
"Notre Dame Journal of Formal Logic","10.1305","3957","2791","6748"
"Korean Society for Food Engineering","10.13050","188","-2","186"
"Electronic Enlightenment Project","10.13051","0","0","0"
"Institute of Electronics, Information and Communications Engineers (IEICE)","10.1587","25439","3226","28665"
"The Research Institute for Special Education and Rehabilitation Science","10.15870","28","1","29"
"Revista Brasileira de Productos Agroindustriais","10.15871","958","-288","670"
"The Korean Workshop for the History of Culture","10.15872","0","0","0"
"Pearblossom Private School","10.1588","31","15","46"
"Society of Physical Therapy Science","10.1589","10767","2270","13037"
"CAIRN","10.3917","68933","9921","78854"
"Cognizant, LLC","10.3727","46398","18033","64431"
"Vienna University of Technology, Institute of General Physics","10.3728","57","10","67"
"21st Century COE Program","10.3731","28","9","37"
"Botanical Society of America","10.3732","58669","23042","81711"
"Japan Society for Occupational Health","10.1539","10415","4872","15287"
"Turkish Education Association","10.15390","50","2","52"
"Kharkiv State Academy of Physical Culture","10.15391","2","0","2"
"Sociedade Brasilieira de Protecao Radiologica - SBPR","10.15392","0","1","1"
"Petrozavodsk State University","10.15393","72","18","90"
"Institute of Advanced Engineering and Science","10.11591","1685","85","1770"
"Sia Tibit","10.11592","20","5","25"
"Pediatric Endosurgery Group, Bangladesh","10.11593","1","0","1"
"Galaxy Science","10.11594","59","19","78"
"Japanese Society of Sheep Science","10.11595","7","1","8"
"Japanese Association of Occupational Therapists","10.11596","25","5","30"
"Korean Society for Indoor Environment","10.11597","7","0","7"
"Seameo Biotrop","10.11598","5","1","6"
"Asociatia Pentru Cresterea Vizibilitatii Cercetarii Stiintifice (ACVCS)","10.11599,10.18683","184","53","237"
"Inter-university Consortium for Political and Social Research (ICPSR)","10.3886","774","122","896"
"Project Muse","10.1353,10.26597","328994","76233","405227"
"Canadian Science Publishing (ID 155)","10.1139","1174305","1037464","2211769"
"Institute of Electrical Engineers of Japan (IEE Japan)","10.1541","24986","3950","28936"
"Claremont Colleges Library","10.5642","1790","1613","3403"
"Momentum Press","10.5643","101","28","129"
"Academy of Sciences and Arts of Bosnia and Herzegovina","10.5644","285","61","346"
"Maralte, B.V.","10.5645","15","3","18"
"The Korean Society of Hypertension (KAMJE)","10.5646","49","2","51"
"The Japanese Society of Environmental Education","10.5647","37","26","63"
"Japan Society of Immunology and Allergology in Otolaryngology","10.5648","1","0","1"
"Japanese Society of Pharmaceutical Health Care and Sciences","10.5649","2841","240","3081"
"Japan Oil Chemists' Society","10.5650","9675","5162","14837"
"Royal College of Obstetricians & Gynaecologists (RCOG) (ID 440)","10.1576","868","345","1213"
"Portland State University Library","10.15760","236","77","313"
"Open Access Text Pvt, Ltd.","10.15761","530","-57","473"
"Yamashina Institute for Ornithology","10.3312","1044","264","1308"
"Japan Landslide Society","10.3313","636","190","826"
"The Japanese Society for Medical Mycology","10.3314","2389","1079","3468"
"Specjalisci Dermatolodzy","10.3315","578","198","776"
"RMIT Publishing","10.3316","1046","146","1192"
"Royal Irish Academy","10.3318","1223","501","1724"
"Chinese Geoscience Union","10.3319","3512","3456","6968"
"American Industrial Hygiene Association (AIHA)","10.3320,10.1202","1391","283","1674"
"Science China Press., Co. Ltd.","10.1360","20458","15891","36349"
"IOSR Journals","10.9790","6450","1010","7460"
"New Zealand Association of Psychotherapists","10.9791","1","0","1"
"The English Linguistic Society of Japan","10.9793","293","23","316"
"The Japanese Society of Pediatric Cardiology and Cardiac Surgery","10.9794","21","10","31"
"National Institute of Advanced Industrial Science","10.9795","580","295","875"
"The Society of Information Storage Systems","10.9797","5","0","5"
"Korean Society of Hazard Mitigation","10.9798","710","26","736"
"The Korean Society of Food and Nutrition","10.9799","1509","5","1514"
"Academy of Management","10.5465","236013","44405","280418"
"Research, Development and Innovation Agency, Ministry of Environment and Forestry","10.20886","95","18","113"
"RIDPHE-R  - Revista Iberoamericana do Patrimonio Historico-Educativo","10.20888","1","-1","0"
"Instituto Brasileiro de Relacoes Internacionais","10.20889","3","-1","2"
"Revista Reflexus","10.20890","0","0","0"
"Clio Arqueologica","10.20891","1","1","2"
"Cancer Biology and Medicine","10.20892","260","127","387"
"Integrated Intelligent Research (IIR)","10.20894","17","2","19"
"LPPM Institut Teknologi Telkom Purwokerto","10.20895","3","0","3"
"ACCB Publishing","10.20896","45","2","47"
"Lectito BV","10.20897","22","4","26"
"International Association for Shell and Spatial Structures","10.20898","12","3","15"
"Journal of Public and Nonprofit Affairs","10.20899","27","1","28"
"Hapres","10.20900","5","0","5"
"Faculty of Political Science, University of Zagreb","10.20901","1","0","1"
"Sai Scientific Communications","10.20902","3","1","4"
"Macedonian Academy of Sciences and Arts","10.20903","1","0","1"
"Institute of Theoretical and Applied Informatics, Polish Academy of Sciences","10.20904","5","1","6"
"SWGE Sistemas","10.20906","70","8","78"
"The Society of Korean Literary Therapy","10.20907","0","0","0"
"IJARS Group","10.20908","4","0","4"
"Korea Society of Packaging Science and Technology","10.20909","9","2","11"
"The Society for Aerospace System Engineering","10.20910","5","1","6"
"Faculdade Jesuita de Filosofia e Teologia – FAJE","10.20911","18","0","18"
"Revista Direitos Culturais","10.20912","0","0","0"
"Inderscience Publishers","10.1504","158424","53028","211452"
"American Society for Microbiology (ID 235)","10.1128","3084093","1899239","4983332"
"Ubiquity Press, Ltd. (ID 3285)","10.5334,10.1629","9417","1472","10889"
"UPF Editora","10.5335","62","6","68"
"Ortadogu Reklam Tanitim Yayincilik Turizm Egitim Insaat Sanayi ve Ticaret A.S.","10.5336","335","102","437"
"International Water Management Institute (IWMI)","10.5337","347","32","379"
"The Korean Society of Environmental Agriculture","10.5338","1565","67","1632"
"Hamad bin Khalifa University Press (HBKU Press) (ID 3277)","10.5339","892","30","922"
"OMICS Publishing Group","10.4172,10.4066","26520","6398","32918"
"Boom Uitgevers Den Haag","10.5553","203","26","229"
"Sociedad Colombiana de Anestesiologia y Reanimacion (SCARE)","10.5554","132","3","135"
"Test accounts (ID 7822)","10.5555,10.50505,10.88888","202","101","303"
"Tamkang Journal of Mathematics","10.5556","169","42","211"
"Colegio Oficial de Bibliotecarios y Documentalistas de la Comunidad Valenciana (COBDCV)","10.5557","5","0","5"
"Canadian Institute of Forestry","10.5558","13188","4931","18119"
"Universidad de LaSalle Bajio","10.21640","66","-21","45"
"Greater Poland Cancer Centre","10.21641","0","0","0"
"Center for Global Trade Analysis","10.21642","65","44","109"
"Turkish World Journal of Educational Research","10.21644","0","0","0"
"Intermedia International e-journal","10.21645","0","0","0"
"Dusunce Platformu","10.21646","0","0","0"
"Grenze Scienfic Society","10.21647","2","-1","1"
"Gokhale Institute of Politics and Economics","10.21648","175","44","219"
"Annals of King Edward Medical University","10.21649","39","-29","10"
"The Japan Institute of Energy","10.3775","1134","1705","2839"
"East Carolina University","10.3776","207","16","223"
"The Japan Society of Acupuncture and Moxibustion","10.3777","64","15","79"
"Shanghai Institute of Optics and Fine Mechanics","10.3788","8509","5419","13928"
"International Association of Online Engineering (IAOE)","10.3991","2086","147","2233"
"College Publishing (ID 2370)","10.3992","818","595","1413"
"Textile Bioengineering and Informatics Society","10.3993","506","215","721"
"Center for East Asian Studies","10.3994","0","0","0"
"Japan Stroke Society","10.3995","1054","610","1664"
"U.S. Fish and Wildlife Service","10.3996","1912","507","2419"
"EAGE Publications","10.3997","8738","903","9641"
"WITPRESS LTD.","10.2495","5674","1997","7671"
"Sociedade Portuguesa de Medicina Interna","10.24950","0","0","0"
"Sreyas Institute of Engineering and Technology","10.24951","1","0","1"
"IAIN Padangsidimpuan","10.24952","0","0","0"
"The Turkish Journal of Pediatrics","10.24953","43","8","51"
"Marmara Iktisat Dergisi  (Marmara Journal of Economics)","10.24954","0","0","0"
"Korean Association for Housing Policy Studies","10.24957","0","0","0"
"Institute for Russian and Altaic Studies Chungbuk University","10.24958","0","0","0"
"National University of Pharmacy","10.24959","2","0","2"
"Japan Society for Higher Brain Dysfunction","10.2496","511","468","979"
"Balai Riset dan Standardisasi Industri Padang","10.24960","5","0","5"
"Asosiasi Agroindustri Indonesia (AGRIN)","10.24961","1","1","2"
"The Publisher.org","10.24962","0","0","0"
"International Joint Conferences on Artificial Intelligence","10.24963","466","0","466"
"Program Studi Akuntansi Fakultas Ekonomi","10.24964","0","0","0"
"Instituto Nacional de Administracion Publica","10.24965","9","0","9"
"Herald Scholarly Open Access","10.24966","26","3","29"
"Universitas Sang Bumi Ruwa Jurai","10.24967","0","0","0"
"Swarthmore College","10.24968","0","0","0"
"Center for Postgraduate Education and Scientific Research","10.24969","0","0","0"
"Japan Society of Powder and Powder Metallurgy","10.2497","4787","2462","7249"
"Brawijaya University","10.21776","110","41","151"
"Moscow Witte University","10.21777","0","0","0"
"CRI Electronics (ID 9238)","10.21778","3","0","3"
"Dagestan State University","10.21779","1","-1","0"
"Association for Symbolic Logic","10.2178","3070","1958","5028"
"JSC Vniizht (ID 9242)","10.21780","1","0","1"
"Academic Publishing House Geo, Ltd.","10.21782","2","0","2"
"Revista Estudos Institucionais","10.21783","2","0","2"
"PWSZ Wloclawek","10.21784","0","0","0"
"International Community for Auditory Display","10.21785","8","1","9"
"Society for Science and Nature","10.21786","0","1","1"
"Research and Development Agency, Ministry of Home Affairs","10.21787","4","0","4"
"Portucalense University","10.21788","0","0","0"
"Universidad de Bogota Jorge Tadeo Lozano","10.21789","7","0","7"
"Castanea","10.2179","996","191","1187"
"The Korean Balance Society","10.21790","3","0","3"
"The Society of Japanese Language and Literature, Japanology Korea","10.21792","1","-1","0"
"Korean Language and Literature","10.21793","0","0","0"
"Daedong Hanmun Association","10.21794","0","0","0"
"The Korean Criminal Law Association","10.21795","4","10","14"
"Science Education Research Institute","10.21796","174","1","175"
"Kadin ve Demokrasi Dernegi","10.21798","0","0","0"
"Federal Reserve Bank of Philadelphia","10.21799","1","0","1"
"Principles and Practice of Clinical Research","10.21801","0","0","0"
"Ivano-Frankivsk National Medical University","10.21802","1","-1","0"
"Corporacion Universitaria Americana","10.21803","1","0","1"
"The Bulletin of Zoological Nomenclature","10.21805","190","76","266"
"Mission and Society Research Institute","10.21806","0","0","0"
"The Korean Association of Northeast Asia Studies","10.21807","0","0","0"
"The Korea Association of Japanese Education","10.21808","0","0","0"
"Rilem Publications SARL","10.21809","70","96","166"
"JANAS","10.2181","147","43","190"
"Simon Fraser University Library","10.21810","0","0","0"
"Association of Hispanists of Korea","10.21811","0","0","0"
"Korean Association of Sport Pedagogy","10.21812","9","0","9"
"Coordinating Research Council, Inc. (CRC)","10.21813","1","4","5"
"University of Minho","10.21814","27","1","28"
"The Crystallographic Society of Japan","10.5940","704","553","1257"
"Mycobiology (KAMJE)","10.5941","1128","339","1467"
"American Water Works Association","10.5942,10.5991,10.12999","799","656","1455"
"Mushroom Research Foundation","10.5943","833","55","888"
"UNED - Universidad Nacional de Educacion a Distancia","10.5944","1068","147","1215"
"MDPI AG (ID 1968)","10.3390,10.20944","720398","319900","1040298"
"American Speech Language Hearing Association (ID 1310)","10.1044","124537","58583","183120"
"American Society for Pharmacology & Experimental Therapeutics (ASPET) (ID 36)","10.1124","302207","234620","536827"
"Turkiye Biyolojik Mucadele Dergisi (ID 15950)","10.31019","0","0","0"
"American Educational Research Association (AERA)","10.3102","232835","46314","279149"
"Brasiliana","10.25160","6","0","6"
"Sp. z o.o. Kozmenko Science Publishing","10.25161","6","0","6"
"Franz Steiner Verlag GmbH","10.25162","2","0","2"
"Eman Research, Ltd.","10.25163","0","0","0"
"Chinese Nursing Research","10.25164","5","1","6"
"International Journal of Agricultural and Biological Engineering (IJABE)","10.25165","23","11","34"
"Uniwersytet Opolski","10.25167","4","-1","3"
"The Korean Association of Peace and Religious Studies","10.25168","0","0","0"
"The Paleontological Society of Japan","10.2517","1309","716","2025"
"Atma Jaya Catholic University of Indonesia","10.25170","0","0","0"
"Institute of Geophysics Polish Academy of Sciences","10.25171","0","0","0"
"Jawaharlal Nehru Tropical Botanic Garden and Research Institute","10.25173","0","0","0"
"Society for Advancement of Wheat and Barley Research","10.25174","1","1","2"
"National Institute of Rural Development and Panchayati Raj","10.25175","2","0","2"
"Instituto de Investigacion en Ciencias Biomedicas","10.25176","0","0","0"
"Sift Desk","10.25177","5","0","5"
"The New Research of Tuva Editorial Board","10.25178","0","0","0"
"Turkish Journal of Endocrinology and Metabolism","10.25179","0","0","0"
"University of Cadiz Library","10.2518","0","0","0"
"Axia Academic Publishers","10.25180","0","0","0"
"Politeknik Negeri Lampung","10.25181","0","0","0"
"Jurnal Gizi dan Pangan/Journal of Nutrition and Food","10.25182","6","2","8"
"Anales de la Facultad de Medicina","10.25184","1","0","1"
"Humanidades: Revista de la Univeridad de Montevideo","10.25185","0","0","0"
"Coffee Science","10.25186","4","0","4"
"Codex - Revista de Estudos Classicos","10.25187","0","1","1"
"Faculdade Luterana de Teologia","10.25188","0","0","0"
"Journal of Orthopaedic & Sports Physical Therapy (JOSPT)","10.2519","45791","23334","69125"
"Expressao Catolica","10.25190","0","0","0"
"Expressao Catolica Saude","10.25191","0","0","0"
"Centro Universitario Autonomo do Brasil","10.25192","0","0","0"
"Almanaque de Ciencia Politica","10.25193","0","0","0"
"University of Information Technology and Communications","10.25195","1","0","1"
"Advances Publishing Co, Ltd.","10.25196","0","0","0"
"Orenburg State University","10.25198","0","0","0"
"Japanese Association of Mycotoxicology","10.2520","746","409","1155"
"Vandenhoeck & Ruprecht GmbH & Co, KG","10.13109,10.14220","10810","51","10861"
"Scientific Societies","10.1094","368356","193411","561767"
"Journal of Singularities","10.5427","69","27","96"
"Publishing House of Pharmaceutical Care and Research","10.5428","60","11","71"
"International Association for the Study of Popular Music (IASPM)","10.5429","35","-2","33"
"Sciedu Press","10.5430","3090","222","3312"
"Arachnologische Gesellschaft e.v.","10.5431","393","65","458"
"Korean Cancer Association","10.4143","6707","1802","8509"
"The Resources Processing Society of Japan","10.4144","235","158","393"
"Japanese Association of Hydrological Sciences","10.4145","63","5","68"
"Japanese Society of Sport Psychology","10.4146","33","8","41"
"FB Communication","10.4147","7","1","8"
"New Prairie Press (ID 2637)","10.4148","1220","1237","2457"
"US Geological Survey","10.3133","1499","437","1936"
"Pion Ltd","10.1068","194938","81625","276563"
"American Institute of Aeronautics and Astronautics (AIAA) (ID 1387)","10.2514","781587","231149","1012736"
"The Society of Synthetic Organic Chemistry, Japan","10.5059","10079","7506","17585"
"eScholarship","10.5070","117","-13","104"
"Turkish Association of Nervous and Mental Health","10.5080","12","4","16"
"International Association of Chinese Professionals in Global Positioning Systems","10.5081","1814","262","2076"
"XMLArchive (ID 3004)","10.5082,10.3352","526","100","626"
"Healthcare Bulletin","10.5083","12","10","22"
"Journal of Forensic Economics","10.5085","718","186","904"
"Dialogue and Discourse","10.5087","224","39","263"
"Instituto de Oceanografia - FURG","10.5088","103","20","123"
"International Monetary Fund (IMF) (ID 3029)","10.5089","4761","10368","15129"
"Coordinacion de Publicaciones de la Escuela Superior de Economia","10.29201","0","0","0"
"International Society of Philosophy and Cosmology","10.29202","48","-24","24"
"Finnish Mycological Society","10.29203","295","134","429"
"Ikatan Ahli Informatika Indonesia (IAII)","10.29207","0","0","0"
"Ikatan Apoteker Indonesia","10.29208","2","0","2"
"Indonesia Prime","10.29209","0","0","0"
"Indonesian Institute for Counseling, Education and Therapy (IICET)","10.29210","0","0","0"
"Research Institute for Language and Information","10.29211","0","0","0"
"Military History Institute, MND","10.29212","1","0","1"
"Geumgang Center for Buddhist Studies","10.29213","0","0","0"
"Daehan Academy of Management Information Systems","10.29214","73","-3","70"
"Pesquisa e Ensino em Ciecias Exatas e da Natureza","10.29215","0","0","0"
"Uluslararasi Ekonomi Isletme ve Politika Dergisi","10.29216","0","0","0"
"Usak University Journal of Social Sciences","10.29217","0","0","0"
"Shri Ram Mutrti Smarak College of Engineering Technology","10.29218","0","0","0"
"SNF Swedish Nutrition Foundation","10.29219","5","3","8"
"Communications for Statistical Applications and Methods (ID 11772)","10.29220","1","0","1"
"The Journal of Curriculum and Evaluation","10.29221","0","0","0"
"Oil and Gas Research Institute of the RAS","10.29222","0","0","0"
"Associacao Instituto Tecnologico Vale","10.29223","0","0","0"
"IInsan ve Insan Dergisi","10.29224","0","0","0"
"The Korean Tea Society","10.29225","0","0","0"
"Journal of Business Management and Economic Research","10.29226","0","0","0"
"Polish Mineral Engineering Society","10.29227","0","0","0"
"V.I.Romanovskiy Institute of Mathematics","10.29229","0","0","0"
"Program Studi Akuntansi FE-UST","10.29230","0","0","0"
"Scientific Investigation in Dentistry","10.29232","0","0","0"
"Suleyman Demirel Universitesi Fen Edebiyat Fakultesi Fen Dergisi","10.29233","0","0","0"
"INNOPRO","10.29234","0","0","0"
"Publishing House Belorusskaya Nauka (ID 11777)","10.29235","1","0","1"
"Asociacion Colombiana Ingenieros de Sistemas","10.29236","0","0","0"
"Revista Educacao em Saude","10.29237","0","0","0"
"Poltekkes Kemenkes Yogyakarta","10.29238","1","0","1"
"Sekolah Tinggi Ilmu Pertanian Wuna","10.29239","0","0","0"
"STAIN Curup","10.29240","0","0","0"
"STIKES Yayasan RS.Dr. Soetomo Surabaya","10.29241","0","0","0"
"Association of Research Libraries","10.29242","30","6","36"
"Institut Pertanian Bogor","10.29244","20","0","20"
"Sciaccess Publishers LLC","10.29245","40","14","54"
"Revista Gestao, Inovacao e Negocios","10.29246","0","0","0"
"Cientifica - Multidisciplinary Journal","10.29247","0","0","0"
"Revista Juridica","10.29248","0","0","0"
"Selcuk Universitesi Sosyal Bilimler Meslek Yuksekokulu Dergisi","10.29249","0","0","0"
"Sinirsiz Egitim ve Arastirma Dergisi","10.29250","0","0","0"
"International Journal of Perceptions in Public Health","10.29251","0","0","0"
"Armenian Green Publishing Co.","10.29252","184","72","256"
"JP Global Transtech","10.29253","0","0","0"
"Ukrainian Medical Stomatological Academy","10.29254","0","0","0"
"Japanese Society of Oral and Maxillofacial Surgeons","10.5794","1022","1259","2281"
"The Japanese Society of Clinical Cytology","10.5795","839","55","894"
"The Electrochemical Society of Japan","10.5796","2915","2413","5328"
"Japan Endocrine Society","10.1507","26767","19000","45767"
"Bohlau Verlag","10.7788,10.7767","2650","113","2763"
"Faculdade de Letras da UFMG","10.17851","109","-8","101"
"Revista aSEPHallus de Orientacao Lacaniana","10.17852","1","0","1"
"Russian State Vocational Pedagogical University","10.17853","10","2","12"
"The Research Center for Korea Youth Culture","10.17854","17","3","20"
"Institute of Latin American Studies","10.17855","1","0","1"
"The Society of Asian Historical Studies","10.17856","0","0","0"
"The Society for Hyo-won Historical Studies","10.17857","0","0","0"
"Journal of Military and Information Science","10.17858","17","4","21"
"Pamukkale University Journal of Divinity Faculty","10.17859","0","1","1"
"Mersin University Journal of the Faculty of Education","10.17860","5","-1","4"
"Japan Section of the Regional Science Association International","10.2457","608","94","702"
"University of Arizona","10.2458","4490","2966","7456"
"Universidad Nacional Autonoma de Mexico","10.22201","172","-17","155"
"STKIP PGRI Sumatera Barat","10.22202","1","1","2"
"ECM Research Journal","10.22203","10593","8070","18663"
"Russian Foundation for Basic Research (ID 9462)","10.22204","8","0","8"
"South Indian Journal of Biological Sciences","10.22205","43","102","145"
"Instituto Tecnologico de Santo Domingo (INTEC)","10.22206","10","3","13"
"Journal of Pure and Applied Microbiology","10.22207","16","9","25"
"Journal of Dentomaxillofacial Science","10.22208","0","0","0"
"Corporacion Universitaria Remington (ID 9478)","10.22209","0","1","1"
"Cryogenic Association of Japan","10.2221","1358","668","2026"
"eLife Sciences Publications, Ltd (ID 4374)","10.7554","47193","22472","69665"
"Societe Mathematique de France","10.24033","11580","20175","31755"
"Sekolah Tinggi Ilmu Ekonomi Indonesia (STIESIA ) Surabaya","10.24034","2","0","2"
"Department of Theology and Philosophy, UKM","10.24035","2","0","2"
"Universitas Negeri Padang (UNP)","10.24036","12","-2","10"
"LLC Approbation","10.24037","0","0","0"
"Ergon Creacion, S.A","10.24038","0","0","0"
"Universidad Nacional Federico Villarreal","10.24039","0","0","0"
"Matej Bel University in Banska Bystrica","10.24040","3","-2","1"
"ERA's Lucknow Medical College","10.24041","0","0","0"
"Raden Intan State Islamic University of Lampung","10.24042","0","0","0"
"Institute of Island Studies","10.24043","26","6","32"
"Science Publishing Centre Sociosphere","10.24044","0","0","0"
"Vedecko Vydavatelske Centrum Sociosfera-CZ, s.r.o.","10.24045","0","0","0"
"Association for Research in Neuroeducation","10.24046","10","3","13"
"International Plant Nutrition Institute","10.24047","1","0","1"
"International Center for Business & Management Excellence (ICBME)","10.24048","12","3","15"
"Florida Gulf Coast University","10.24049","0","0","0"
"Universidad EIA","10.24050","2","0","2"
"Mlodzi Naukowcy","10.24051","3","1","4"
"Academy of Business and Retail Management","10.24052","1","1","2"
"UVK Verlagsgesellschaft mbH","10.24053","8","0","8"
"Universidad de Pamplona","10.24054","3","-1","2"
"The Korean Association of Police Science","10.24055","0","0","0"
"Korean Accounting Association (KAA)","10.24056","1","0","1"
"Faculty of Geography Lomonosov Moscow State University (ID 10137)","10.24057","66","25","91"
"Turk Kulturu lncelemeleri Dergisi","10.24058","0","1","1"
"The Online Learning Consortium","10.24059","284","-24","260"
"Bashkir State Medical University (ID 10159)","10.24060","4","0","4"
"Higher State Educational Establishment of Ukraine Bukovinian State Medical University","10.24061","0","0","0"
"The Korean Association of Practical Arts Education","10.24062","2","0","2"
"International Workshop on Theory of Submanifolds","10.24064","0","0","0"
"Universidade Federal do Oeste do Para","10.24065","0","0","0"
"Korean Association of Rusists","10.24066","2","0","2"
"American College of Chest Physicians","10.1378","382798","443505","826303"
"The Optical Society (ID 285)","10.1364","1528583","1564879","3093462"
"Canadian Nuclear Laboratories Limited","10.12943","46","40","86"
"Enviro Research Publishers","10.12944","740","24","764"
"Science International Corporation","10.12945","109","116","225"
"Max Planck Institut fur europaische Rechtsgeschichte","10.12946","75","3","78"
"EarthSpace","10.12947","0","0","0"
"ECO-INFOSOC Research Center","10.12948","127","18","145"
"Japan Association of Real Options and Strategy","10.12949","19","8","27"
"Society of Polymer Science, Japan","10.1295","41815","36179","77994"
"International Union of Crystallography (IUCr) (ID 329)","10.1107","654811","705429","1360240"
"American Association for the Advancement of Science (AAAS) (ID 221)","10.1126","5204267","4372753","9577020"
"American Museum of Natural History (BioOne sponsored)","10.1206","10875","3030","13905"
"Korean Society of Systemic Theology","10.21650","0","0","0"
"National Association of School Psychologists (NASP)","10.17105","307","66","373"
"Japanese Society of Biorheology","10.17106","11","13","24"
"Kaleidoscope History","10.17107","0","0","0"
"Acta Agronomica Ovariensis","10.17108","0","0","0"
"Acta Zoologica Hungarica","10.17109","62","7","69"
"Studia Botanica Hungarica","10.17110","38","-1","37"
"Fragmenta Palaeontologica Hungarica","10.17111","3","9","12"
"Folia Entomologica Hungarica","10.17112","4","1","5"
"GeoScienceWorld","10.2113","77219","130931","208150"
"Mark Allen Group (ID 5130)","10.12968","82829","19689","102518"
"Istituto Scientia","10.12969","0","0","0"
"Japanese Society for Pediatric Endocrinology","10.1297","680","190","870"
"Synergy Publishers","10.12970","103","34","137"
"Revista Agrotecnologia","10.12971","39","4","43"
"Docuhut, Co., Ltd.","10.12972,10.13065","1181","0","1181"
"Eurasian Society of Educational Research (ESER)","10.12973","996","83","1079"
"Savvy Science Publisher","10.12974","97","28","125"
"Rast Musicology Journal","10.12975","0","0","0"
"Journal of Insect Biodiversity","10.12976","72","8","80"
"BraDypUS","10.12977","7","-1","6"
"Journal of Analytic Theology","10.12978","6","0","6"
"Revista de Contabilidade do Mestrado em Ciencias Contabeis da UERJ","10.12979","0","0","0"
"Japanese Physical Therapy Association","10.1298","163","60","223"
"Asian Pacific Journal of Tropical Medicine Press","10.12980","868","387","1255"
"American Society of Civil Engineers (ASCE)","10.1061","622830","313727","936557"
"Pegem Akademi Yayincilik Egitim Danismanlik Hizmetleri","10.14527","25","7","32"
"Nurses and Midwives Association of Slovenia","10.14528","4","4","8"
"FSAEIHE South Ural State University (National Research University)","10.14529","376","-65","311"
"Economic Research Institute, FEB, RAS","10.14530","7","-1","6"
"ANO Clinic of NNIITO (ID 5655)","10.14531","44","-1","43"
"Japanese Society for Microcirculation","10.14532","8","4","12"
"Japan Science Society of Biological Macromolecules","10.14533","4","0","4"
"Pediatric Urology Case Reports","10.14534","8","7","15"
"Associacao Profissional de Conservadores-Restauradores de Portugal","10.14568","22","9","31"
"The Science and Information Organization","10.14569","1906","107","2013"
"American Geographical Society","10.21690","0","0","0"
"Global Science Journal Publishing","10.21691","0","0","0"
"Human Anatomy and Physiology Society","10.21692","4","0","4"
"Pulmonary Hypertension Association","10.21693","7","0","7"
"American Research Journals","10.21694","2","0","2"
"NOVA.ID.FCT","10.21695","0","0","0"
"El Colegio de San Luis","10.21696","0","0","0"
"Uniwersytet Kardynala Stefana Wyszynskiego","10.21697","3","3","6"
"National Research and Development Institute for Industrial Ecology IND-ECOIND","10.21698","1","1","2"
"El-Med-Pub Publisher","10.21699","42","25","67"
"Physiological Society of Japan","10.2170","15041","14957","29998"
"International Journal of Computing and Information Sciences","10.21700","4","0","4"
"Instituto Geologico y Minero de Espana","10.21701","7","-1","6"
"Credo, Ltd.","10.21702","0","0","0"
"Universidad Catolica de la Santisima Concepcion","10.21703","8","-3","5"
"Motif Akademi","10.12981","0","0","0"
"Chiang Mai University","10.12982","17","9","26"
"IJSR Publications","10.12983","138","33","171"
"Ege Egitim Dergisi","10.12984","13","6","19"
"The Korean Society for Aviation and Aeronautics","10.12985","39","1","40"
"Infomesr","10.12986","2","0","2"
"Yale University Press","10.12987","4891","44","4935"
"Hikari, Ltd.","10.12988","3275","220","3495"
"IntechOpen (ID 3774)","10.5772","35512","4223","39735"
"IWA Publishing","10.2166","50309","51633","101942"
"United Nations Publications","10.18356","5183","940","6123"
"University of Victoria Libraries","10.18357","450","23","473"
"Institute for Analytical Instrumentation of the Russian Academy of Sciences","10.18358","13","6","19"
"Universidad Militar Nueva Granada","10.18359","187","8","195"
"Revista de Administracao e Negocios da Amazonia","10.18361","1","0","1"
"Instituto Internacional de Analise Termica","10.18362","16","16","32"
"Associacao Brasileira de Odontologia Rio de Janeiro (ABORJ)","10.18363","11","1","12"
"Liceu Literario Portugues","10.18364","1","0","1"
"Appris Editora e Livraria Eireli - ME","10.18366","2","0","2"
"PHASELIS","10.18367","0","0","0"
"Istanbul Journal of Sociological Studies","10.18368","0","0","0"
"World Association of Chinese Character Studies","10.18369","2","0","2"
"Publishing Office TRILIST","10.18370","8","-1","7"
"University of Banking of National Bank of Ukraine (Kyiv)","10.18371","2","0","2"
"Logos Medical Publication (Logos Yayincilik Tic. A.S.)","10.5222","109","37","146"
"The Korean Society of Pediatric Gastroenterology, Hepatology and Nutrition (KAMJE)","10.5223","736","184","920"
"Massachusetts Historical Society","10.5224","4","0","4"
"Japanese Association for Sport Management","10.5225","18","0","18"
"Study Group of Aero Aqua Bio-mechanics","10.5226","67","20","87"
"The Japanese Skin Cancer Society","10.5227","455","38","493"
"The Korean Society of Technology of Plasticity","10.5228","811","33","844"
"The Korean Electrochemical Society","10.5229","681","397","1078"
"The Korean Gastric Cancer Association (KAMJE)","10.5230","1991","535","2526"
"Universidad de Malaga","10.5231","92","21","113"
"Revista Internacional de Ciencias del Deporte (RICYDE)","10.5232","238","-5","233"
"SNSPMS Bucharest","10.5233","39","-11","28"
"The Japanese Society of Clinical Neuropsychopharmacology","10.5234","23","5","28"
"Bloomsbury Academic","10.5235,10.5040,10.2752","22256","2812","25068"
"The National Federation of the Blind","10.5241","35","4","39"
"Computer Oriented Geology COGEO","10.5242","22","15","37"
"Society for Social Work and Research, Inc.","10.5243","555","106","661"
"Nomos Verlag","10.5771","12460","51","12511"
"Japanese Society of Radiological Technology","10.6009","1093","361","1454"
"Japan Society of Geoinformatics","10.6010","204","156","360"
"Institute for Health Economics and Policy","10.6011","0","0","0"
"Japanese Association of Water Resources and Environment","10.6012","10","1","11"
"Brewing Society of Japan","10.6013","776","1151","1927"
"Iron and Steel Institute of Japan","10.2355","66853","44235","111088"
"Ernst Reinhardt, GmbH & Co. KG","10.2378","642","61","703"
"Edra SpA","10.23822,10.19256","26","0","26"
"The Journal of International Scientific Researches","10.23834","0","0","0"
"Tasarim and Kuram","10.23835","1","0","1"
"The Research of the Korean Classic Novel","10.23836","0","0","0"
"Thiagarajar School of Management","10.23837","0","0","0"
"Sungkyunkwan University School of Medicine","10.23838","6","1","7"
"Korea Association of Business Education","10.23839","3","0","3"
"The Korean Society for Agriculture Education and Human Resource Development","10.23840","143","22","165"
"The Economic Geographical Society of Korea","10.23841","105","37","142"
"Asian Pacific Organization for Cancer Prevention","10.7314","31944","5885","37829"
"Society for Computational Design and Engineering","10.7315","177","35","212"
"The Korean Hydrogen and New Energy Society","10.7316","249","39","288"
"The Polymer Society of Korea","10.7317","303","132","435"
"Korean Society of Food Culture","10.7318","709","-15","694"
"The Korean Society for Geospatial Information Systems","10.7319","166","3","169"
"Fondazione Pro Herbario Mediterraneo","10.7320","66","10","76"
"International Journal of Soft Computing and Software Engineering","10.7321","21","9","30"
"NEPAS","10.7322","331","33","364"
"International Association of Engineering and Technology","10.7323","39","4","43"
"Journal of Applied Pharmaceutical Science","10.7324","691","226","917"
"Sociedad Espanola para la Conservacion y Estudio de los Mamiferos (SECEM)","10.7325","51","14","65"
"American College of Physicians","10.7326","635913","445567","1081480"
"Society for the Study of Reproduction","10.1095","196575","192013","388588"
"FASEB (ID 86)","10.1096","191113","108051","299164"
"Japan Society for Precision Engineering","10.2493","4893","1984","6877"
"American Geophysical Union (AGU) (ID 13)","10.1029","3355483","2062296","5417779"
"Hospital de Especialidades José Carrasco Arteaga","10.14410","1","0","1"
"Biology Centre, AS CR (ID 5546)","10.14411","14558","3951","18509"
"Faculty of Engineering, Chulalongkorn University","10.4186","519","363","882"
"Daedalus Enterprises","10.4187","6476","2945","9421"
"The Textile Machinery Society of Japan","10.4188","1966","380","2346"
"Society for Human Environmental Studies","10.4189","39","11","50"
"Faculty of Mathematics, Kyushu University","10.2206","988","786","1774"
"Japan Welding Society","10.2207","5811","1340","7151"
"Optimal Clinical, Ltd.","10.13032","25","9","34"
"Acoustical Society of America (ASA)","10.1121","499782","221981","721763"
"River Publishers","10.13052","276","51","327"
"National Institute of Standards and Technology (NIST) (ID 4068)","10.6028","64581","43494","108075"
"Europa Digital & Publishing","10.4244","16827","10247","27074"
"Spontaneous Generations","10.4245","36","2","38"
"California Coastal Atlas","10.4246","0","0","0"
"Society of Adaptive Science in Taiwan","10.4247","22","7","29"
"International Journal of Oral Science, West China School of Stomatology","10.4248","1578","571","2149"
"Scholarpedia","10.4249","3626","899","4525"
"Korean Society of Echocardiography (KAMJE)","10.4250","917","428","1345"
"Baishideng Publishing Group Inc. (ID 2060)","10.4251,10.4252,10.4253,10.4254,10.5492,10.5493,10.5494,10.5495,10.5496,10.5497,10.5498,10.5499,10.5500,10.5501,10.3748,10.12998,10.5409,10.5410,10.5411,10.5412,10.5312,10.5313,10.5314,10.5315,10.5316,10.5317,10.5318,10.5319,10.5320,10.5321,10.5306,10.5662,10.4291,10.4292,10.5527,10.5528,10.4239,10.4240,10.13105,10.11569,10.4329,10.4330,10.4331","209299","88107","297406"
"Lumitext Publishing","10.4255","171","103","274"
"University of Plymouth","10.4256","457","10","467"
"Oecologia Australis","10.4257","1319","189","1508"
"The Korean Society of Medical Informatics (KAMJE)","10.4258","1491","355","1846"
"Japanese Association of Indian and Buddhist Studies","10.4259","39","5","44"
"F1000 Research, Ltd. (ID 4950)","10.12688","5186","1311","6497"
"Reversal Theory Society","10.12689","7","0","7"
"Japan Radiation Research Society","10.1269","11881","7065","18946"
"Defence Counsel Journal","10.12690","1","1","2"
"Science and Education Publishing Co., Ltd.","10.12691","1949","623","2572"
"International Journal of Biosciences","10.12692","344","98","442"
"Institute of Physics, Polish Academy of Sciences","10.12693","14453","8315","22768"
"Society for In Vitro Biology","10.1290","3339","2505","5844"
"Japanese Society of Hypertension","10.1291","20983","10294","31277"
"Wydawnictwo Naukowe Gabriel Borowski (WNGB)","10.12911,10.12912,10.12913","469","138","607"
"Japanese Society of Veterinary Science","10.1292","35724","22418","58142"
"Universidad Federal de Santa Maria","10.5902","2401","55","2456"
"The Korean Institute of Broadcast and Media Engineers","10.5909","366","17","383"
"thinkBiotech, LLC","10.5912","99","52","151"
"Lockwood Press","10.5913","6","1","7"
"Tropical Oceanography","10.5914","114","-2","112"
"Islamic Medical Association of North America","10.5915","121","-13","108"
"Korean Society of Marine Engineers","10.5916","1135","45","1180"
"Japanese Association of Groundwater Hydrology","10.5917","465","111","576"
"Japan Agency for Marine-Earth Science and Technology","10.5918","202","44","246"
"University of Huddersfield Press","10.5920","168","18","186"
"BSI British Standards","10.3403","195","278","473"
"Praise Worthy Prize","10.15866","612","44","656"
"Gleeson Library Geschke Center","10.15867","1","0","1"
"Foundation Center","10.15868","85","11","96"
"Journal of the Human and Social Sciences Researchers","10.15869","2","1","3"
"Akademiai Kiado Zrt. (ID 425)","10.1556","34506","18908","53414"
"International Society for Horticultural Science (ISHS)","10.17660","62085","29057","91142"
"Cardiofront, LLC","10.4022","40","20","60"
"Collegium Basilea","10.4024","441","308","749"
"Universidade Estadual de Maringa","10.4025","3866","463","4329"
"International Union of Pure and Applied Chemistry (IUPAC)","10.1351","79834","134123","213957"
"The Company of Biologists (ID 237)","10.1242","502358","297604","799962"
"Japan Surgical Association","10.3919","7812","350","8162"
"Wageningen Academic Publishers (ID 8859)","10.3920,10.22434","10769","3701","14470"
"Psychology and Neuroscience","10.3922","717","259","976"
"Science Alert","10.3923","107016","26897","133913"
"State Public Scientific Technological Library SB RAS","10.20913","0","0","0"
"FSBEI HE Voronezh State University of Engineering Technologies (ID 8498)","10.20914","3","-1","2"
"Ural Research Institute of Metrology (UNIIM)","10.20915","2","0","2"
"Russian Cognitive Linguistics Association","10.20916","0","1","1"
"University of Sussex","10.20919","10","-2","8"
"Asociacion Castellano-Manchega de Sociologia (ACMS)","10.20932","0","0","0"
"University of Dundee","10.20933","0","0","0"
"Lawarence Press","10.20936","0","0","0"
"Centro de Ciencias de la Atmosfera","10.20937","117","69","186"
"BirdLife Australia, Ltd.","10.20938","6","1","7"
"SOLAR, Revista de Filosofia Iberoamericana","10.20939","0","0","0"
"Electoral Institute for Sustainable Democracy in Africa (EISA)","10.20940","143","40","183"
"Synchro Publisher","10.20941","2","1","3"
"SoftwareFirst, Ltd.","10.20943","19","6","25"
"Archives of Endocrinology and Metabolism","10.20945","0","0","0"
"Revista Administracao em Dialogo","10.20946","3","1","4"
"Associacao Brasileira de Estudos Populacionais","10.20947","9","1","10"
"Keldysh Institute of Applied Mathematics","10.20948","6","0","6"
"July Press Pte. Ltd.","10.20849","15","5","20"
"Glasstree","10.20850","1","0","1"
"University of Adelaide Press (ID 8480)","10.20851","82","2","84"
"New Trends in Mathematical Science","10.20852","34","8","42"
"Beykent University Journal of Science and Engineering","10.20854","1","0","1"
"International Institute of Acoustics and Vibration (IIAV)","10.20855","332","81","413"
"NICEC, Ltd.","10.20856","18","0","18"
"Silesian University of Technology","10.20858","51","1","52"
"Ar-Raniry, International Journal of Islamic Studies","10.20859","0","0","0"
"Uluslararasi Sosyal ve Egitim Bilimleri Dergisi","10.20860","0","0","0"
"OLIMP","10.20861","12","-1","11"
"Luchevaya Diagnostika (ID 8452)","10.20862","11","3","14"
"Natural Science and Discovery","10.20863","8","2","10"
"The Studies of Korean Literature","10.20864","1","0","1"
"Hankuk University of Foreign Studies, Language Research Institute","10.20865","0","0","0"
"Journal of Tourism and Hospitality Management (ID 8526)","10.20867","35","6","41"
"Universidad Politecnica de Madrid - University Library","10.20868","8","3","11"
"Chamber of Financial Auditors of Romania","10.20869","21","0","21"
"Universite de Bordeaux","10.20870","263","75","338"
"Sekolah Tinggi Filsafat Islam (STFI) Sadra","10.20871","0","0","0"
"Revista de Empreendedorismo Gestao de MPE","10.20872","0","0","0"
"Universidade Federal do Tocantins","10.20873","6","-3","3"
"Tyumen Scientific Center of the SB RAS","10.20874","0","0","0"
"Mehmet Akif Ersoy Universitesi Sosyal Bilimler Enstitusu Dergisi","10.20875","1","0","1"
"International Journal of Biology Education","10.20876","6","4","10"
"Culinary Society of Korea","10.20878","785","-137","648"
"University of Pennsylvania Press","10.9783","17416","1017","18433"
"Index Copernicus","10.5604","4687","1393","6080"
"Bio-Protocol, LLC","10.21769","894","195","1089"
"Japan Society for Clinical Immunology","10.2177","1357","618","1975"
"Iore International","10.21770","3","0","3"
"Center of Industrial Pollution Prevention Technology","10.21771","2","0","2"
"Centro de Investigacion en Comportamiento Organizacional, Cincel SAS","10.21772","1","0","1"
"Bogazici University","10.21773","18","6","24"
"Universidad Santiago de Cali","10.21774","9","0","9"
"Caister Academic Press","10.21775","222","61","283"
"Instituto Politecnico Nacional/Centro de Investigacion en Computacion","10.13053","111","10","121"
"Mevlana International Journal of Education","10.13054","51","9","60"
"Ross Science Publishers","10.13055","39","23","62"
"UNS Solo","10.13057","482","96","578"
"ANGRAD","10.13058","13","0","13"
"FUNDACE","10.13059","1","0","1"
"American Association of Petroleum Geologists AAPG/Datapages","10.1306,10.15530","30052","32089","62141"
"Scitepress","10.5220","4377","251","4628"
"Dove Medical Press Ltd.","10.2147","113128","46309","159437"
"Sociedade Brasileira de Cirurgia Cardiovascular","10.21470","8","2","10"
"American Portuguese Studies Association","10.21471","0","0","0"
"Brazilian Journal of Biological Sciences","10.21472","6","3","9"
"International Journal Of Advanced Research","10.21474","139","51","190"
"Southern Cross Publishing","10.21475","334","-111","223"
"Performance Philosophy","10.21476","55","-18","37"
"Sierra Journals","10.21477","1","0","1"
"Korean Family Studies Association","10.21478","42","-1","41"
"Korean Association of Family Therapy","10.21479","20","-1","19"
"Alexandrine Press","10.2148","2535","958","3493"
"National Documentation Centre","10.12681","2904","1692","4596"
"Commonwealth Secretariat","10.14217","517","36","553"
"Xia & He Publishing","10.14218","475","133","608"
"China Science Publishing & Media Ltd.","10.3724","27762","9656","37418"
"Institute of Arctic and Alpine Research (INSTAAR)","10.1657","9460","3185","12645"
"International Association for Vegetation Science","10.1658","1834","2736","4570"
"International Mountain Society (IMS) and United Nations University","10.1659","6067","2480","8547"
"Kansas Academy of Science","10.1660","801","195","996"
"Micropaleontology Press BioOne","10.1661","25","44","69"
"National Association of Biology Teachers","10.1662","1563","334","1897"
"New York Botanical Garden","10.1663,10.21135","6007","2622","8629"
"New York Entomological Society","10.1664","546","102","648"
"Orthopterists' Society","10.1665","1395","387","1782"
"Paleontological Society","10.1666","19273","10044","29317"
"Radiation Research Society","10.1667","39799","19332","59131"
"The Japanese Society of Limnology","10.3739","2561","712","3273"
"The Materials Research Society of Korea","10.3740","1102","234","1336"
"Korea Water Resources Association","10.3741","2746","86","2832"
"Kyung Hee Oriental Medicine Research Center","10.3742","282","79","361"
"Korean Society for Information Management","10.3743","1013","2","1015"
"The Society of Naval Architects of Korea","10.3744","1754","411","2165"
"Korea Information Processing Society","10.3745","2556","228","2784"
"Global Science & Technology Forum Pte Ltd.","10.5176","424","63","487"
"Netherlands Tijdschrift voor Tandheelkunde (NTvT)","10.5177","183","41","224"
"Human Behavior and Evolution Society of Japan","10.5178","74","51","125"
"The Japanese Association of Benthology","10.5179","808","274","1082"
"Japan Society of Gynecologic and Obstetric Endoscopy and Minimally Invasive Therapy","10.5180","41","15","56"
"Japan Association of Ion Exchange","10.5182","316","223","539"
"Japanese Society of Computational Statistics","10.5183","161","55","216"
"Classical Association of the Middle West and South, Inc (CAMWS)","10.5184","28","-2","26"
"VBRI Press AB","10.5185","2821","2180","5001"
"Finnish Academy of Science and Letters","10.5186","2299","817","3116"
"Korean Society of Animal Science and Technology","10.5187","1732","128","1860"
"The Society of Materials Engineering for Resources of Japan","10.5188","302","205","507"
"Academic Journals","10.5897","26196","6365","32561"
"Journal of Human-Robot Interaction","10.5898","867","73","940"
"ISPACS GmbH","10.5899","337","57","394"
"Sabanci University Information Center","10.5900","16","0","16"
"Mediterranean Center of Social and Educational Research","10.5901","595","12","607"
"Royal Pharmaceutical Society","10.1211,10.18578","26469","23206","49675"
"Malaysian Journal of Microbiology","10.21161","99","-70","29"
"Pakistan Journal of Agricultural Sciences","10.21162","32","-1","31"
"Asociatia Geograhia Technica","10.21163","10","0","10"
"Pomorski Uniwersytet Medyczny w Szczecinie","10.21164","6","2","8"
"Grupo de Estudos Linguisticos do Estado de Sao Paulo","10.21165","5","0","5"
"Instituto Federal Catarinense","10.21166","0","0","0"
"C.Q.D.- Revista Eletronica Paulista de Matematica","10.21167","0","1","1"
"Associacao Brasileira de Recursos Hidricos - ABRH","10.21168","906","26","932"
"Psychologia Society","10.2117","762","301","1063"
"Revista Geonorte","10.21170","0","0","0"
"Revista Gestao e Sociedade","10.21171","49","4","53"
"S N Education Society","10.21172","3","0","3"
"Northwestern Naturalist","10.1898","752","127","879"
"Society for Freshwater Science","10.1899","15400","8925","24325"
"Society for Biomedical Diabetes Research (SBDR)","10.1900","2763","1267","4030"
"Plaza y Valdes","10.5211","38","-2","36"
"Universidade Estadual de Ponta Grossa (UEPG)","10.5212","292","-30","262"
"Korean Continence Society","10.5213","1524","433","1957"
"Indian Academy of Neurosciences","10.5214","470","221","691"
"Historical Society of Pennsylvania","10.5215","14","0","14"
"Universidade Federal de Goias","10.5216","963","123","1086"
"Hogrefe Publishing Group","10.1024,10.1026,10.1027","99721","32222","131943"
"Royal College of Psychiatrists","10.1192","290922","200862","491784"
"Estonian Literary Museum of Scholarly Press","10.7592","205","30","235"
"Department of Biology (UPM)","10.7593","8","1","9"
"Revista da Biologia, Reitoria da Universidade de Sao Paulo","10.7594","89","-39","50"
"Faculty of Organizational Sciences","10.7595","70","-9","61"
"Karabuk University","10.7596","12","3","15"
"ACOPIOS - Revista Iberica de Mineralogia","10.7597","0","0","0"
"Chemical Science Transactions","10.7598","338","175","513"
"Hanyang University College of Medicine (KAMJE)","10.7599","368","23","391"
"The Japanese Society of Physical Fitness and Sports Medicine","10.7600","1521","160","1681"
"Japan Society of Medical Entomology and Zoology","10.7601","3389","824","4213"
"The Japanese Association for Infectious Diseases","10.11150","2779","1599","4378"
"The Japan Society for Educational Sociology","10.11151","63","7","70"
"SRUMB - Romanian Society for Ultrasonography in Medicine and Biology","10.11152","698","279","977"
"Japan Academy of Critical Care Nursing","10.11153","6","4","10"
"Japanese Association for the Study of Pain","10.11154","172","95","267"
"American Psychiatric Association Publishing","10.1176","610779","381318","992097"
"The University of Kansas","10.17161","1153","266","1419"
"Universidad Peruana Union","10.17162","1","1","2"
"Salesian Polytechnic University of Ecuador","10.17163","23","2","25"
"Erdeszettudomanyi Kozlemenyek","10.17164","4","-1","3"
"Kepzes es Gyakorlat","10.17165","3","-1","2"
"Pacific Early Childhood Education Research Association","10.17206","15","-1","14"
"Association of East Asian Social Thoughts","10.17207","13","-1","12"
"Korea Planners Association","10.17208","82","7","89"
"Korean Society for Social Theory","10.17209","19","1","20"
"The HCI Society of Korea","10.17210","51","2","53"
"Turkish Geograpical Review","10.17211","2","0","2"
"Novosibirsk State Technical University","10.17212","42","3","45"
"South Russian State Polytechnic University (NPI)","10.17213","11","3","14"
"Acta Odontologica Turcica","10.17214","2","0","2"
"Korean Association of Medical Law","10.17215","15","-2","13"
"American Dental Education Association","10.21815","64","7","71"
"Poly-Hybrid Forensic Consult","10.21816","1","1","2"
"ENGG Journals Publications","10.21817","69","11","80"
"Journal of Behavior and Applied Management","10.21818","1","0","1"
"Science Impact, Ltd.","10.21820","14","5","19"
"Admiral Makarov State University of Maritime and Inland Shipping","10.21821","11","0","11"
"FSB Educational Establishment of Higher Education Daghestan State Technical University (ID 9278)","10.21822","0","1","1"
"Vreden Russian Research Institute of Traumatology and Orthopedics (ID 9273)","10.21823","20","-1","19"
"Instituto Centroamericano de Estudios Fiscales","10.21824","0","0","0"
"Ghent University","10.21825","123","49","172"
"CSIRO Publishing","10.1071","495272","385176","880448"
"SciVee, Inc","10.4016","18","11","29"
"International Society for Gerontechnology (ISG)","10.4017","1644","345","1989"
"Japanese Society for Food Hygiene and Safety","10.3358","5049","3881","8930"
"Institute of Information Science, IZUM","10.3359","11","0","11"
"ScienceWise Publishing","10.3360","15","7","22"
"Armenian Association of Endoscopic Surgery","10.3361","0","0","0"
"Practical Action Publishing","10.3362","11268","1077","12345"
"American Society for Biochemistry & Molecular Biology (ASBMB) (ID 28)","10.1074,10.1194","3080651","2028701","5109352"
"American Diabetes Association","10.2337","947494","614900","1562394"
"Politeknik Dergisi","10.2339","10","3","13"
"Acta Dermato-Venereologica","10.2340","27816","10413","38229"
"Operative Dentistry","10.2341","8871","4091","12962"
"Yamaguchi University Medical Association","10.2342","51","6","57"
"Geochemical Society of Japan","10.2343","10131","12423","22554"
"American Dental Society of Anesthesiology (ADSA) (ID 1191)","10.2344","1286","654","1940"
"Departmento de Publicaciones del CSIC","10.3989","28008","14375","42383"
"University Library/University of Twente","10.3990","406","66","472"
"Japan Society for Graphic Science","10.5989","42","1","43"
"Japan Wood Preserving Association","10.5990","214","28","242"
"American Academy of Cosmetic Surgery","10.5992","185","21","206"
"PNG Publications","10.5993","12869","3743","16612"
"Entomological Society of Indonesia/Perhimpunan Entomologi Indonesia","10.5994","11","1","12"
"The Japan Society of Island Studies","10.5995","1","0","1"
"The Geographic Education Society of Japan","10.5996","46","5","51"
"Altai State University","10.14258","78","9","87"
"VRI Press","10.14259","13","4","17"
"Akshantala Enterprises Private Limited","10.14260","343","107","450"
"Pars Szoftverhaz Kft.","10.18655","0","0","0"
"Journal of European Education","10.18656","4","-1","3"
"Yonetim ve Ekonomi","10.18657","0","0","0"
"Korea Humanities Content Society","10.18658","3","0","3"
"Korean Association of Corpus Linguistics","10.18659","6","0","6"
"HunNet-Media Kft.","10.18660","0","0","0"
"Revista Pauta Geral – Estudos em Jornalismo","10.18661","0","0","0"
"Asociatia LUMEN","10.18662","32","5","37"
"Turkish Journal of Clinics and Laboratory","10.18663","1","0","1"
"Ukrainian State University of Railway Transport","10.18664","3","0","3"
"Ithaka S&R","10.18665","56","4","60"
"Sagamore Publishing, LLC","10.18666","616","67","683"
"Escuela de Posgrados FAC","10.18667","0","0","0"
"The Oil and Gas Institute - National Research Institute","10.18668","14","0","14"
"Comhar Teoranta","10.18669","0","0","0"
"Instituto de Pesquisa e Estudos Florestais (IPEF)","10.18671","38","7","45"
"Revista Gestao e Saude/NESPROM","10.18673","29","6","35"
"Revista Exacta","10.18674","8","5","13"
"Departamento de Educacao da  Universidade Estadual Paulista – UNESP","10.18675","73","2","75"
"Centro de Estudos e Pesquisas em Educacao, Cultura e Acao Comunitaria (CENPEC)","10.18676","16","-14","2"
"Centro Cientifico Conhecer","10.18677","17","4","21"
"Editions NecPlus","10.4074","925","254","1179"
"Cases Network, Ltd.","10.4076","1520","568","2088"
"Chinese Physiological Society","10.4077","857","281","1138"
"The Korean Rheumatism Association (KAMJE)","10.4078","412","51","463"
"George Washington University","10.4079","14","10","24"
"The Peregrine Fund","10.4080","97","3","100"
"Faculty of Economics, VSB Technical University of Ostrava","10.7327","20","4","24"
"Indiana University Press (ID 1560)","10.2979","14640","1559","16199"
"Theological Research Exchange Network (TREN)","10.2986","24","10","34"
"The American Mosquito Control Association","10.2987","6349","1296","7645"
"The Biological Society of Washington","10.2988","1243","161","1404"
"Association for Politics and the Life Sciences","10.2990","423","36","459"
"Japan Society of Civil Engineers","10.2208","9171","2141","11312"
"Korean Physical Society","10.3938","13602","6314","19916"
"Royal Institution of Naval Architects","10.3940","42","32","74"
"EduRad","10.3941","232","65","297"
"Protein Structure Initiative Structural Biology Knowledgebase (PSI SBKB)","10.3942","0","0","0"
"De Montfort University","10.3943","6","10","16"
"Turk Ortopedi ve Travmatologi Dernegi (Acta Orthopaedica et Traumatologica)","10.3944","1787","812","2599"
"American Society for Nutrition","10.3945","157543","55639","213182"
"British Institute of Radiology (ID 45)","10.1259","111758","93202","204960"
"The Korean Society of Gastrointestinal Endoscopy","10.5946","2436","697","3133"
"EURICSE - European Research Institute on Cooperative and Social Enterprises","10.5947","32","2","34"
"Scientific Research Publishing, Inc,","10.4236","112797","2158","114955"
"UCLA American Indian Studies Center","10.17953","2615","244","2859"
"Akdeniz Medical Journal","10.17954","1","0","1"
"Alexander Graham Bell Association for the Deaf and Hard of Hearing","10.17955","7","2","9"
"MedStudy","10.17956","0","0","0"
"Friends Science Publishers","10.17957","342","38","380"
"Korean Society of Mechanical Technology","10.17958","361","15","376"
"The Phonology-Morphology Circle of Korea","10.17959","64","13","77"
"The English Language Linguistics Society of Korea","10.17960","29","6","35"
"Korea Research Academy of Distribution and Management","10.17961","51","6","57"
"Korean Association for Psychodrama and Sociodrama","10.17962","38","5","43"
"Society for Korea Classical Chinese Education","10.17963","1","0","1"
"Korean Society for Environmental Education","10.17965","7","0","7"
"Korean Society for Medical Mycology","10.17966","59","5","64"
"The Korean Society of Christian Religious Education","10.17968","1","0","1"
"Agricultural Faculty, Syiah Kuala University","10.17969","13","1","14"
"Indonesian Economist Association","10.17970","0","0","0"
"International Journal of Information, Communication Technology and Applications","10.17972","22","2","24"
"MM Publishing, s.r.o.","10.17973","118","68","186"
"Diagrama Editorial","10.17974","0","0","0"
"STEM Fellowship","10.17975","8","4","12"
"Non Profit Partnership Polis (Political Studies)","10.17976","11","1","12"
"Iowa State University (ID 13687)","10.31274","27","4","31"
"The Higher Education Academy","10.11120,10.3108","2726","232","2958"
"International Journal of Optimization and Control: Theories and Applications","10.11121","68","7","75"
"Bulent Ecevit University","10.11122","1","0","1"
"Stanford University Press","10.11126,10.21627","3998","-149","3849"
"International Association for Food Protection (ID 2863)","10.4315","86105","97631","183736"
"Canadian Aeronautics and Space Institute","10.5589","9914","3366","13280"
"Walden University","10.5590","0","0","0"
"Faculty of Civil Engineering, University of Zagreb","10.5592","53","-3","50"
"STEF92 Technology","10.5593","500","53","553"
"Competence Network Pediatric Oncology & Hematology","10.1591","0","1","1"
"Neoplasia Press","10.1593","29960","17971","47931"
"Johnson Matthey","10.1595","1651","1747","3398"
"World Bank (ID 558)","10.1596,10.19147","47849","6148","53997"
"SAE International","10.4271","129139","30811","159950"
"CO2CRC","10.5341","2","6","8"
"Michigan Historical Review","10.5342","9","0","9"
"Bulletin of Marine Science","10.5343","2072","577","2649"
"American Society for Enology and Viticulture","10.5344","1867","1237","3104"
"The Korean Institute of Building Construction","10.5345","773","40","813"
"Japan Society of Spring Engineers","10.5346","186","10","196"
"Edorium Journals Pvt. Ltd.","10.5348","255","103","358"
"Center for Law and Policy","10.5349","0","0","0"
"Yerkure Tanitim ve Yayincilik Hizmetleri","10.5350","214","69","283"
"The Korean Statistical Society","10.5351","1250","66","1316"
"BioOne (ID 404)","10.1199,10.7872,10.12952","6550","1444","7994"
"American Society of Clinical Oncology (ASCO)","10.1200,10.14694","928887","677145","1606032"
"John Benjamins Publishing Company (ID 1757)","10.1075","170875","-9323","161552"
"Peeters Publishers","10.2143","11366","5856","17222"
"Tohoku University Medical Press","10.1620","19942","21601","41543"
"Signaling Pathways Project","10.1621","720","389","1109"
"Lamaze International","10.1624","1261","642","1903"
"Japanese Society for Complementary & Alternative Medicine","10.1625","143","27","170"
"Crop Science Society of Japan","10.1626","13997","5585","19582"
"Iconarp International Journal of Architecture and Planning","10.15320","1","0","1"
"Genel Tip Dergisi","10.15321","4","1","5"
"The Graduate School of Advanced Imaging Science, Multimedia and Film at Chung-Ang University","10.15323","16","6","22"
"The Korean Society for Clinical Laboratory Science (ID 5978)","10.15324","112","-3","109"
"COPD Foundation","10.15326","147","43","190"
"IJOART Publication","10.15327","0","1","1"
"Center of Physical Chemical Methods of Research and Analysis","10.15328","56","6","62"
"Federacao Brasileira de Psicodrama","10.15329","0","0","0"
"St. Tikhon's Orthodox University","10.15382","0","0","0"
"Asia Press","10.15383","5","2","7"
"Korean Society of Health Promotion and Disease Prevention (KAMJE)","10.15384","58","1","59"
"Centennial Library","10.15385","13","4","17"
"Clujul Medical","10.15386","310","123","433"
"Child Mind Institute","10.15387","0","0","0"
"Vilnius University Press","10.15388,10.18279","817","154","971"
"Sel'skokhozyaistvennaya Biologiya Editorial Office (SBEO), NPO","10.15389","36","5","41"
"International Association for Fire Safety Science","10.3801","1267","1840","3107"
"Asian Society of Gynecologic Oncology; Korean Society of Gynecologic Oncology and Colposcopy (KAMJE)","10.3802","3325","1093","4418"
"Korean Endocrine Society (KAMJE)","10.3803","2449","551","3000"
"Japan Association of Breast Cancer Screening","10.3804","252","15","267"
"The Japan Epilepsy Society","10.3805","266","127","393"
"Japan Kaatsu Training Society","10.3806","443","111","554"
"Korean Journal of Optics and Photonics","10.3807","2781","1034","3815"
"International Society for Environmental Information Science (ISEIS)","10.3808","1684","1220","2904"
"Virtual Explorer Pty Ltd.","10.3809","541","484","1025"
"The Society of Instrument and Control Engineers","10.9746","8125","1504","9629"
"Japanese Association for Rural Studies","10.9747","39","1","40"
"Institute of Human Culture Studies, Otsuma Womens University","10.9748","9","1","10"
"Japan Institute of Navigation","10.9749","206","150","356"
"Society of Antiquaries of Scotland","10.9750","2","0","2"
"Centre for Theoretical Physics and Astrophysics","10.9751","2","0","2"
"Transportation and Marketing Program, AMS, USDA","10.9752","76","-29","47"
"Coastal Engineering Research Council","10.9753","438","214","652"
"Infonomics Society","10.20533","537","65","602"
"East West Association for Advanced Studies and Higher Education GmbH","10.20534","9","0","9"
"Kyiv Politechnic Institute (ID 8421)","10.20535","27","1","28"
"Moscow Islamic Institute","10.20536","5","-1","4"
"Izhevsk Institute of Computer Science (ID 8417)","10.20537","445","56","501"
"Siberian State Medical University (ID 8418)","10.20538","8","2","10"
"Deadong Philosophical Association","10.20539","0","0","0"
"Center for Bioethics and Research, Nigeria","10.20541","3","2","5"
"Primakov Institute of World Economy and International Relations","10.20542","7","0","7"
"Balai Besar Kulit, Karet dan Plastik (Center for Leather, Rubber and Plastics)","10.20543","3","1","4"
"University St. Kliment Ohridski - Bitola","10.20544","17","2","19"
"International Supply Chain Technology Journal","10.20545","0","0","0"
"Excellent Publishers","10.20546","581","132","713"
"McGraw-Hill International & Professional","10.1036","20","8","28"
"Human Kinetics","10.1123","165977","43923","209900"
"Institutional Investor Journals","10.3905","33362","15079","48441"
"The Scientific and Technological Research Council of Turkey","10.3906","6413","2211","8624"
"Grupo Comunicar (ID 2274)","10.3916","1305","-13","1292"
"LP4MK STKIP PGRI Lubuklinggau (ID 16632)","10.31540","0","0","0"
"Program Studi Teknik Mesin Institut Teknologi Indonesia","10.31543","0","0","0"
"Politeknik Sukabumi","10.31544","1","0","1"
"Institute of Agrophysics Polish Academy of Sciences (ID 16399)","10.31545","0","0","0"
"Medical Press Open Access","10.31546","0","0","0"
"NP Rusmedical Group","10.31550","0","0","0"
"ESKU named after S. Amanzholova","10.31551","0","0","0"
"The Institute For History Studies","10.31552","0","0","0"
"SPER Publications and Solutions Pvt. Ltd","10.31555","0","0","0"
"Fund Gelios","10.31556","0","0","0"
"Vasyl Stus Donetsk National University","10.31558","0","0","0"
"Refaad for Studies and Research","10.31559","1","0","1"
"Japan Society for Fuzzy Theory and Intelligent Informatics","10.3156","911","460","1371"
"Pimenta Cultural","10.31560","0","0","0"
"International Foundation for Korean Language and Culture Education","10.31562","0","0","0"
"Bashkir State Agrarian University","10.31563","0","0","0"
"Korean Writing Association (ID 16691)","10.31565","0","0","0"
"Journal of Arts","10.31566","0","0","0"
"Social Science Development Journal","10.31567","0","0","0"
"Atlas Journal","10.31568","0","0","0"
"American Entomological Society","10.3157","1092","150","1242"
"The Japanese Congress of Neurological Surgeons","10.7887","414","234","648"
"The University of Occupational and Environmental Health, Japan","10.7888","721","718","1439"
"The Japan Society for Hematopoietic Stem Cell Transplantation","10.7889","14","4","18"
"International Journal of Alcohol and Drug Research","10.7895","289","64","353"
"Research Institute of Agricultural Economics","10.7896","180","33","213"
"Moksha Publishing House","10.7897","689","308","997"
"Brighthall (ID 4650)","10.7899","365","90","455"
"Theta Foundation","10.7900","212","104","316"
"International Oil Spill Conference","10.7901","1132","709","1841"
"Horizon Research Publishing Co., Ltd.","10.13189","624","3","627"
"The Policy Press","10.1332","20705","2254","22959"
"Society for Integrative and Comparative Biology","10.1668","1827","2312","4139"
"Society for Sedimentary Geology","10.1669,10.5724,10.2110","29858","22534","52392"
"Society for the Study of Amphibians and Reptiles","10.1670","8817","2403","11220"
"Society of Vertebrate Paleontology","10.1671","14530","3623","18153"
"Society of Wetland Scientists","10.1672","12934","6708","19642"
"University of Arizona Library","10.1673","6165","2470","8635"
"University of Notre Dame","10.1674","10459","3356","13815"
"The Japan Society of Tropical Ecology","10.3759","1231","818","2049"
"Beilstein Institut","10.3762","20910","13392","34302"
"Archaeological Institute of America","10.3764","1102","195","1297"
"European Respiratory Society (ERS)","10.1183","181737","130060","311797"
"Editora Edgard Blucher, Ltda.","10.5151","1044","-863","181"
"AVES Publishing Co.","10.5152,10.5174,10.4170,10.4261","6232","2038","8270"
"American Nuclear Society","10.13182","28246","45865","74111"
"Journal of Neurosurgery Publishing Group (JNSPG) (ID 1754)","10.3171","429484","323576","753060"
"Journal of Turkish Studies","10.7827","84","11","95"
"Liceo de Cagayan University","10.7828","28","17","45"
"Central European University Press","10.7829","173","-9","164"
"United Graduate School of Agricultural Science","10.7831","22","4","26"
"Phoenix","10.7834","27","6","33"
"Centrum Catolica","10.7835","141","59","200"
"The Korean Solar Energy Society","10.7836","306","28","334"
"The Korean Society of Marine Environment and Safety","10.7837","416","17","433"
"Society for e-Business Studies","10.7838","301","2","303"
"Korea Society of Fluid Power and Construction Equipment","10.7839","53","5","58"
"Korea Information and Communications Society","10.7840","1138","11","1149"
"Korean Society for Biotechnology and Bioengineering","10.7841","241","27","268"
"American Mathematical Society (AMS)","10.1090","342379","242205","584584"
"Societe d'Etudes Franco-Coreennes","10.18812","0","0","0"
"Pierson Memorial Bible Institute","10.18813","0","0","0"
"International Union of Geological Sciences","10.18814","205","-4","201"
"Faculdade Antonio Meneguetti","10.18815","1","0","1"
"Revista Brasileira de Inovacao Tecnologica em Saude (R-BITS)","10.18816","0","0","0"
"Universidade Estadual do Maranhao","10.18817","0","0","0"
"International Journal of Agricultural and Veterinary Sciences","10.18819","2","0","2"
"AFRICAN SUN MeDIA","10.18820","373","25","398"
"Izdatelstvo Meditsina (ID 8037)","10.18821","34","-3","31"
"The Journal of Asia TEFL","10.18823","4","0","4"
"The French Language and Literature Association of Korea","10.18824","0","0","0"
"International Review of Economics and Management","10.18825","1","0","1"
"International Journal of Sport Education, Exercise and Training Science","10.18826","2","0","2"
"The Journal of Medical Investigations","10.18827","0","0","0"
"Revista de Pesquisa em Políticas Publicas","10.18829","0","0","0"
"Programa de Pos-Graduacao em Arquitetura e Urbanismo - Univ. de Brasilia","10.18830","0","1","1"
"DJ  Publications","10.18831","25","4","29"
"Research Institute of Brewing and Malting, Plc. (Vyzkumny Ustav Pivovarsky a Sladarsky)","10.18832","397","17","414"
"Council on Undergraduate Research","10.18833","11","3","14"
"Revista Juridica Uniandrade","10.18835","0","0","0"
"Economic Analysis of Law Review","10.18836","23","6","29"
"Revista Direito e Acao","10.18837","0","0","0"
"Revista de Direito Internacional Economico e Tributario","10.18838","1","0","1"
"Revista de Estudos e Pesquisas Avancadas do Terceiro Setor","10.18839","0","0","0"
"Revista do Mestrado em Direito da Universidade Catolica de Brasilia: Escola de Direito","10.18840","2","0","2"
"Institute of Japanese Studies Dankook University","10.18841","0","0","0"
"The Korean Language and Culture Education Society","10.18842","0","0","0"
"ERM Publications","10.18843","1","0","1"
"Sciencepark Research Organization and Counseling","10.18844","114","16","130"
"Instituto Tecnologico de Costa Rica","10.18845","68","6","74"
"Centro de Investigaciones Biologicas del Noroeste (CIBNOR)","10.18846,10.18242","0","0","0"
"Grupo de Estudios en Seguridad Internacional (GESI)","10.18847","1","0","1"
"Common Ground Research Networks","10.18848","3131","154","3285"
"National Library of Serbia","10.2298","41312","19561","60873"
"Entrepreneurship and Sustainability Center","10.9770","475","18","493"
"Universidade Federal da Bahia","10.9771","30","9","39"
"Japan Society for the Philosophy of Sport and Physical Education","10.9772","29","-3","26"
"The Japan Society for Technology and Plasticity","10.9773","465","180","645"
"GSE Research Limited","10.9774,10.5848","6362","802","7164"
"Applied Systems, srl","10.15190","150","-36","114"
"National Weather Association","10.15191","220","11","231"
"Progressive Science Publications","10.15192","21","7","28"
"Polskie Towarzystwo Technologow Zywnosci Wydawnictwo Naukowe PTTZ","10.15193","30","3","33"
"Instituto Brasileiro de Inovacao Financeira - IBRIF","10.15194","3","0","3"
"Society for Sociological Science","10.15195","660","156","816"
"Hungarian Central Statistical Office","10.15196","31","-13","18"
"Health Sciences Researches Society","10.15197","28","11","39"
"Sociedad Espanola de Estudios de la Comunicacion Iberoamericana (SEECI)","10.15198","6","0","6"
"Microbiology Society (ID 345)","10.1099","722714","437825","1160539"
"American Scientific Publishers","10.1166","92820","70095","162915"
"Association for Research in Vision and Ophthalmology (ARVO)","10.1167","192049","114472","306521"
"Uspekhi Fizicheskikh Nauk (UFN) Journal","10.3367","42932","13807","56739"
"University of Wisconsin Press (ID 1939)","10.3368","13467","7332","20799"
"Saratov State University (ID 7758)","10.18500","40","6","46"
"Korea Heart Rhythm Society","10.18501","11","1","12"
"Knowledge E (ID 7770)","10.18502","67","18","85"
"Nosov Magnitogorsk State Technical University","10.18503","13","3","16"
"Facultad Latinoamericana de Ciencias Sociales, Mexico (FLACSO)","10.18504","47","9","56"
"Cumhuriyet Universitesi Ilahiyat Fakultesi Dergisi","10.18505","0","0","0"
"Anemon Mus Alparslan Universitesi Sosyal Bilimler Dergisi","10.18506","2","0","2"
"LLC Relevant Medicine","10.18508","1","0","1"
"Geobalcanica Society","10.18509","21","0","21"
"GIAP Journals","10.18510","12","1","13"
"Revista Brasileira de Ciencia e Mobimento","10.18511","48","19","67"
"Revista Brasileira de Milho e Sorgo","10.18512","937","-57","880"
"Tarih Incelemeleri Dergisi","10.18513","0","0","0"
"Mathematical Notes","10.18514","76","13","89"
"Szent Istvan University Faculty of Economics and Social Sciences","10.18515","3","0","3"
"Draw Science LLC","10.18516","0","0","0"
"Insight Society","10.18517","314","-20","294"
"Society for Reproductive Biology and Comparative Endocrinology","10.18519","0","0","0"
"Current Science Association","10.18520","595","267","862"
"Society of Motion Picture and Television Engineers (SMPTE)","10.5594","11707","758","12465"
"Transcript Verlag","10.14361","7830","-83","7747"
"Canadian Urological Association Journal","10.5489","4044","2119","6163"
"GeroFam Journal","10.5490","0","0","0"
"Occupational Safety and Health Research Institute, KOSHA (KAMJE)","10.5491","725","236","961"
"International Journal of Wellbeing","10.5502","765","140","905"
"St. Plum-Blossom Press, Pty , Ltd.","10.5503","53","-39","14"
"Diagnosis Press, Ltd.","10.5504","762","205","967"
"Society of Southwestern Entomologists","10.3958","1238","253","1491"
"Tree-Ring Society","10.3959","1067","645","1712"
"Japanese Society for Lymphoreticular Tissue Research","10.3960","1600","699","2299"
"Korean Society for Preventive Medicine","10.3961","2982","946","3928"
"The Econometric Society","10.3982","13350","8865","22215"
"Transformative Works and Cultures","10.3983","241","-11","230"
"Instytut Bioinfobank Sp. z o.o.","10.3984","7","0","7"
"Japan Society of Waste Management Experts","10.3985","618","334","952"
"Scientific Research Centre ZRC-SAZU","10.3986","1830","371","2201"
"Japan Institute of Heterocyclic Chemistry","10.3987","44863","78582","123445"
"The Japanese Nematological Society","10.3725","538","68","606"
"International Phycological Society (ID 1054)","10.2216","26526","12413","38939"
"African Studies Association of Australasia and the Pacific (AFSAAP)","10.22160","6","-3","3"
"AI Publications","10.22161","59","11","70"
"Kalmyk Institute for Humanities of the RAS","10.22162","0","0","0"
"Austrian Platform for Research and Technology Policy Evaluation (FTEVAL)","10.22163","80","5","85"
"Indonesian Center for Social and Environmental Accounting Research and Development (ICSEARD)","10.22164","171","71","242"
"I-PECEGE","10.22167","2","2","4"
"Programa de Extensao TEIA Entrepalavras","10.22168","0","0","0"
"Revista Intersaberes","10.22169","0","0","0"
"Entomological Society of America","10.1603","103693","41300","144993"
"Freshwater Biological Association (BioOne sponsored)","10.1608,10.4290","659","143","802"
"Association for the Advancement of Artificial Intelligence (AAAI)","10.1609","959","366","1325"
"AI Access Foundation","10.1613","957","-21","936"
"Weed Science Society (ID 612)","10.1614","42381","7216","49597"
"Food Technology and Biotechnology Journal","10.17113","237","115","352"
"University 1 December 1918 of Alba Iulia","10.17114","9","6","15"
"LinkSciencePlace","10.17115","1","0","1"
"Media Sphere Publishing Group (ID 6743)","10.17116","1512","71","1583"
"Consulting Company Ucom","10.17117","16","2","18"
"Japan Antibiotics Research Association","10.7164","57787","56943","114730"
"World Technopolis Association","10.7165","25","10","35"
"Faculty of Law, Banja Luka University","10.7168","0","1","1"
"Adam Mickiewicz University (Euclid)","10.7169","387","162","549"
"Senologic International Society","10.7170","0","0","0"
"Association of Biomolecular Resource Facilities","10.7171","231","91","322"
"University of Warsaw (ID 4211)","10.7172","49","-6","43"
"Irish Journal of French Studies","10.7173","10","1","11"
"Wyzsza Szkola Handlu I Uslug","10.7174","0","0","0"
"Seed SRL","10.7175","150","32","182"
"International Institute for Science, Technology and Education","10.7176","2","0","2"
"LATEC","10.7177","31","7","38"
"Hong Kong STM Publishing Co., Ltd.","10.7178","253","102","355"
"Sociedad Iberoamericana de Pedagogia Social (SIPS)","10.7179","73","-9","64"
"Kosin University College of Medicine (KAMJE)","10.7180","21","1","22"
"Korean Cleft Palate-Craniofacial Association","10.7181","76","15","91"
"CFA Institute","10.2469","22664","12206","34870"
"Research Foundation of the CFA Institute","10.2470","7","-5","2"
"WHO Press","10.2471","33544","9976","43520"
"Riga Technical University (ID 4297)","10.7250","127","29","156"
"National and University Library of the Republic of Srpska","10.7251,10.5825","77","5","82"
"Aurora Group, s.r.o","10.7256,10.25136","27","-1","26"
"Kastamonu Universitesi Iktisadi ve Idari Bilimler Fakultesi Dergisi","10.21180","0","0","0"
"Korean Association of Public Safety and Criminal Justice","10.21181","0","0","0"
"Korean Minimally Invasive Spine Surgery Research Society","10.21182","7","6","13"
"The Korea Society for Children's Media","10.21183","2","0","2"
"Korea Entertainment Industry Association","10.21184","125","-11","114"
"Society for Neuroscience","10.1523","657140","483425","1140565"
"Japan Atherosclerosis Society","10.5551","16396","7073","23469"
"Faculty of Forestry, University of Zagreb","10.5552","163","81","244"
"Korean Society for Microbiology and Biotechnology","10.4014","8116","4046","12162"
"National Taiwan University","10.4015","1195","338","1533"
"RWS Verlag GmbH","10.15375","122","16","138"
"BioResources","10.15376","3537","3602","7139"
"Avanti Publishers","10.15377","82","51","133"
"Croatian Ethnological Society","10.15378","15","-1","14"
"Cosmos Scholars Publishing House","10.15379","101","70","171"
"Japanese Association for Laboratory Animal Science","10.1538","6083","4457","10540"
"Institute of Sociology of the Academy of Sciences of the Czech Republic","10.13060","103","11","114"
"Ege Universitesi Turk Dunyasi Incelemeleri Dergisi","10.13062","0","0","0"
"Academy Health","10.13063","261","48","309"
"The Korean Society of Speech Sciences","10.13064","221","6","227"
"The Korean Society of Physical Medicine (ID 5198)","10.13066","539","26","565"
"The Korea Institute of Electronic Communication Sciences","10.13067","1175","4","1179"
"Arkiv Forlag &amp; Tidskrift","10.13068","3","0","3"
"Journal of Algebra Combinatorics Discrete Structures and Applications","10.13069","14","0","14"
"Michigan Mathematical Journal","10.1307","7414","8329","15743"
"Synatom Research, LLC","10.13070","70","41","111"
"Revista Gestao & Conexoes (Management and Connections Journal)","10.13071","4","0","4"
"Whitaker Institute","10.13072","30","-2","28"
"Forest Products Society","10.13073","739","180","919"
"Journal of Environmental Nanotechnology","10.13074","111","40","151"
"Nofer Institute of Occupational Medicine","10.13075","518","92","610"
"Turkish Journal of Orthodontics","10.13076","70","19","89"
"Korean Sleep Society","10.13078","101","6","107"
"Society of Rubber Industry, Japan","10.2324","2065","735","2800"
"Japanese Breast Cancer Society","10.2325","1816","1270","3086"
"Ornithological Society of Japan","10.2326","1196","371","1567"
"Japanese Society of Veterinary Anesthesia and Surgery","10.2327","37","7","44"
"Japan Society for Natural Disaster Science","10.2328","296","128","424"
"Japanese Society of Periodontology","10.2329","1077","252","1329"
"Charles University in Prague, Karolinum Press","10.14712","926","426","1352"
"Rutgers University Libraries","10.14713","226","34","260"
"North American Cartographic Information Society","10.14714","658","63","721"
"CMB Association","10.14715","157","56","213"
"International Journal of Technology","10.14716","270","94","364"
"Journal of Surgical Arts","10.14717","0","0","0"
"Editorial Universidad Catolica de Colombia","10.14718","41","8","49"
"Horizon E-Publishing Group","10.14719","126","16","142"
"Ediser Srl","10.1472,10.1390","42","-4","38"
"Biotechnical Faculty","10.14720","94","29","123"
"TranScience Publishing","10.14721","0","0","0"
"Internet Society","10.14722","3302","107","3409"
"The Materials Research Society of Japan","10.14723","638","359","997"
"Journal of Humanity","10.14724","2","0","2"
"New Century Science Press, LLC","10.14725","2","0","2"
"Peerage of Science","10.14726","2","0","2"
"The Society of Korean Historical Linguistics","10.14727","0","0","0"
"The Korean Society of Media and Arts","10.14728","9","0","9"
"Korean Association of Converging Humanities","10.14729","5","0","5"
"Korean Society for Aesthetic Plastic Surgery","10.14730","56","6","62"
"Korean Association of International Studies","10.14731","19","1","20"
"CAD Solutions, LLC","10.14733,10.3722","955","422","1377"
"Korean Society of Perinatology (KAMJE)","10.14734","48","-2","46"
"Ambit Media, a.s.","10.14735","210","47","257"
"Science and Education of the Bauman MSTU","10.7463","544","-214","330"
"The Korean Society of Clean Technology","10.7464","216","30","246"
"Korean Data and Information Science Society","10.7465","1185","8","1193"
"Korean Home Management Association","10.7466","232","5","237"
"The Korean Society of Automotive Engineers","10.7467","439","18","457"
"Korea Society of Mathematical Education","10.7468","182","1","183"
"The Korean Society for Quality Management","10.7469","283","2","285"
"Korean Society of Transportation","10.7470","190","-17","173"
"Institute of Korean Electrical and Electronics Engineers","10.7471","134","0","134"
"Korean Society for Internet Information","10.7472","166","5","171"
"The Rubber Society of Korea","10.7473","185","40","225"
"Korean Society for Rock Mechanics","10.7474","250","9","259"
"Korean Society of Adult Nursing","10.7475","664","40","704"
"International Association for Sustainable Development and Management","10.7492","50","7","57"
"Multiple Sclerosis Discovery Forum","10.7493","1","0","1"
"AGHU University of Science and Technology Press","10.7494","969","207","1176"
"Korea Technology Innovation Society","10.7545","58","8","66"
"Prof. Marin Drinov Academic Publishing House","10.7546","51","9","60"
"Korean Society for Neurotherapy","10.17817","0","0","0"
"University of Dubrovnik","10.17818","62","21","83"
"Felsefelogos","10.17819","0","0","0"
"Korean Society of Ecology and Infrastructure Engineering","10.17820","55","4","59"
"Sarada Ranganathan Endowment for Library Science","10.17821","7","0","7"
"Osmanli Mirasi Arastirmalari Dergisi","10.17822","0","0","0"
"Gumushane Universitesi Sosyal Bilimler Elektronik Dergisi","10.17823","0","0","0"
"Yerbilimleri","10.17824","2","0","2"
"Korea Logistics Research Association","10.17825","8","1","9"
"Cukurova Medical Journal","10.17826","60","-36","24"
"Archives Medical Review Journal","10.17827","0","1","1"
"Yalova Journal of Social Sciences","10.17828","0","0","0"
"Marmara Iletisim Dergisi","10.17829","1","0","1"
"European Agrophysical Institut","10.17830","3","2","5"
"Enquiry:  The ARCC Journal of Architectural Research","10.17831","12","0","12"
"Orthopaedic Section, APTA, Inc.","10.17832","1","2","3"
"Iowa Academy of Science","10.17833","2","1","3"
"Humanities Perspectives Limited","10.17835","19","1","20"
"E-CONOM","10.17836","0","0","0"
"Szent Istvan Egyetem","10.17837","0","0","0"
"Korean Classical Literature Association","10.17838","0","0","0"
"British Institute of Non-Destructive Testing (BINDT)","10.1784","2323","1152","3475"
"Institute of Russian Studies","10.17840","19","0","19"
"Korea Evangelical Counseling Society","10.17841","48","10","58"
"Instituto Nacional de Salud (Peru)","10.17843","118","44","162"
"Indonesian Society Fisheries Product Processing","10.17844","6","1","7"
"Faculty of Medicine, Universiti Kebangsaan Malaysia","10.17845","2","0","2"
"Constantine the Philosopher University in Nitra","10.17846","9","2","11"
"W.E. Upjohn Institute for Employment Research","10.17848","2736","260","2996"
"Vasyl Stefanyk Precarpathian National University","10.15330","30","1","31"
"American Academy of Dental Sleep Medicine","10.15331","22","13","35"
"Universidad Santo Tomas","10.15332","112","19","131"
"Korean Society of Arts and Cultural Management","10.15333","0","0","0"
"The Korea Association of Foreign Languages Education","10.15334","5","1","6"
"The Institute of Environmental Studies Daejeon University","10.15336","0","0","0"
"Selcuk Universitesi Hukuk Fakultesi Dergisi","10.15337","0","0","0"
"Genetics Society of America","10.1534","124937","47616","172553"
"Korean Society of Developmental Biology","10.12717","243","71","314"
"Institute of Animal Resources","10.12718","33","2","35"
"Korean Society of International Agriculture","10.12719","101","7","108"
"Medical Association of Nippon Medical School","10.1272","4265","2458","6723"
"Engineering and Technology Publishing","10.12720","2154","261","2415"
"Ceramic Society of Japan","10.2109","22999","19945","42944"
"NRC Kurchatov Institute","10.21517","43","14","57"
"Remedium, Ltd. (ID 8967)","10.21518","15","-2","13"
"NRC Kurchatov Institute GOSNIIGENETIKA","10.21519","15","-1","14"
"University of Tokushima Faculty of Medicine","10.2152","3191","1517","4708"
"International University of Struga","10.21520","0","0","0"
"Medycyna Weterynaryjna - Redakcja","10.21521","15","2","17"
"Texila Education Consulting And Management Services FZE","10.21522","3","0","3"
"Gatha Cognition","10.21523","0","1","1"
"Acta Universitatis Gothoburgensis","10.21524","0","0","0"
"Nordic Academic Press","10.21525","5","0","5"
"Editora Unijui","10.21527","25","2","27"
"Associacao Brasileira de Inteligencia Computacional - ABRICOM","10.21528","52","20","72"
"IBEPES (Instituto Brasileiro de Estudos e Pesquisas Sociais) (ID 8971)","10.21529","8","0","8"
"Historic Brass Society","10.2153","4","0","4"
"Associacao Brasileira de Relacoes Internacionais - ABRI","10.21530","5","1","6"
"ACFE Indonesia Chapter","10.21532","1","0","1"
"International University of Sarajevo","10.21533","38","7","45"
"Indonesian Aquaculture Society","10.21534","0","0","0"
"UNSYS Digital","10.21535","3","1","4"
"Deagu Gyeongbuk Society of Physical Education","10.21536","0","0","0"
"Krasovskii Institute of Mathematics and Mechanics UB RAS","10.21538","10","1","11"
"Korean Society of Dance Science","10.21539","33","1","34"
"Academic Platform Journal of Engineering and Science","10.21541","0","1","1"
"Global Cardiology Science and Practice","10.21542","6","0","6"
"Hungarian Demographic Research Institute","10.21543","2","0","2"
"Revista da Escola de Guerra Naval","10.21544","2","0","2"
"The Research Society of Language and Literature","10.21545","0","0","0"
"Gaziantep University Journal of Social Sciences","10.21547","4","1","5"
"Nevelestudomany","10.21549","1","0","1"
"Uludag Universitesi Fen Edebiyat Fakultesi Sosyal Bilimler Dergisi","10.21550","0","0","0"
"Journal of History and Future","10.21551","0","0","0"
"Lexxion Verlag","10.21552","110","76","186"
"American Society for Cell Biology (ASCB) (ID 1076)","10.1187,10.1091","269615","129482","399097"
"Oncology Nursing Society (ONS)","10.1188","23501","9674","33175"
"Society for Leukocyte Biology","10.1189","72751","39302","112053"
"Kowsar Medical Institute","10.5812","14849","3352","18201"
"Institute of Electronic and Information Technology (IEIT)","10.5813","14","4","18"
"Institute of Geographic Science and Natural Resources Research, Chinese Academy of Sciences","10.5814","395","70","465"
"MECS Publisher","10.5815","4021","169","4190"
"Paradigm Publishers","10.5816","67","6","73"
"Masaryk University Press","10.5817","810","84","894"
"Science Journal Publications","10.7237","8","-2","6"
"Fundacio per la Universitat Oberta de Catalunya","10.7238","415","-28","387"
"Marmara University Journal of Science","10.7240","10","1","11"
"Our Dermatology Online","10.7241","109","44","153"
"Institute of Continuous Media Mechanics","10.7242","399","19","418"
"Herbert Publications PVT LTD","10.7243","1062","397","1459"
"Cambridge Medicine Journal","10.7244","2","-1","1"
"Michigan Academy of Science, Arts and Letters","10.7245","7","0","7"
"Journal of Peace, Conflict and Development","10.7246","3","3","6"
"Journal of Turgut Ozal Medical Center","10.7247","9","3","12"
"Japan Rhinologic Society","10.7248","73","36","109"
"Rand Corporation","10.7249","1107","6","1113"
"Procon, Ltd.","10.11610","325","19","344"
"Acoustical Society of Japan","10.1250","4858","1557","6415"
"Society of Chemical Engineers, Japan","10.1252","23407","38045","61452"
"Iktisat Isletme ve Finans Dergisi","10.3848","93","28","121"
"University of Defence","10.3849","5","5","10"
"Research Publishing Services","10.3850","1373","284","1657"
"International Medical Press","10.3851","9295","3183","12478"
"Mycological Society of America","10.3852","13974","5585","19559"
"Equinox Publishing (ID 426)","10.1558,10.11139","8810","1015","9825"
"Greener Journals","10.15580","349","-28","321"
"Universidad de Navarra","10.15581","226","16","242"
"Indian Journal of Peritoneal Dialysis","10.15582","0","1","1"
"The Society for Chromatographic Sciences","10.15583","151","99","250"
"University of Rzeszow","10.15584","14","0","14"
"Centers for Disease Control MMWR Office","10.15585","10899","4636","15535"
"Codon Publications","10.15586","84","25","109"
"Private Company Technology Center","10.15587","428","-14","414"
"Element d.o.o.","10.7153","2612","926","3538"
"Geography Department, University of Sao Paulo","10.7154","27","8","35"
"Journal of Graph Algorithms and Applications","10.7155","2224","784","3008"
"American Chinese Medical Exchange Society","10.7156","195","67","262"
"Journal of Parkinsonism and RLS","10.7157","2","3","5"
"Czech University of Life Sciences Prague","10.7160","120","-2","118"
"Anadolu Journal of Agricultural Sciences","10.7161","28","8","36"
"Fundacao Otorrinolaringologia","10.7162","76","19","95"
"Institute of Geography and Spatial Organization, Polish Academy of Sciences","10.7163","353","124","477"
"Edward Elgar Publishing","10.4337","47315","418","47733"
"Japan Broncho-Esophagological Society","10.2468","1183","330","1513"
"diaRnet","10.3383","29","13","42"
"Linkoping University Electronic Press (ID 1959)","10.3384","3168","425","3593"
"Remedica Medical Education and Publishing","10.5275","2","4","6"
"Journal of Solid Waste Technology and Management","10.5276","130","110","240"
"Korean Bone and Joint Tumor Society (KAMJE)","10.5292","16","1","17"
"Korean Fluid Machinery Association","10.5293","1158","104","1262"
"Universidad de la Sabana","10.5294","378","22","400"
"Instituto de Economia Aplicada a la Empresa (IEAE)","10.5295","147","24","171"
"Macrothink Institute, Inc.","10.5296","3496","301","3797"
"Medknow","10.4103","219827","85160","304987"
"Mathematical Sciences Publishers (ID 910)","10.2140","61539","35668","97207"
"Brazilian Society for Computational and Applied Mathematics (SBMAC)","10.5540","168","54","222"
"International Centre for Applied Thermodynamics (ICAT)","10.5541","137","155","292"
"International Health Academy","10.5542","0","0","0"
"Turkish Society of Cardiology","10.5543","634","246","880"
"Faculty of Mechanical Engineering","10.5545","1139","585","1724"
"Sociedad Argentina de Pediatria","10.5546","203","114","317"
"International Association for Energy Economics (IAEE)","10.5547","10026","9929","19955"
"National Institute of Practical Analytical Meditation","10.5548","0","0","0"
"International Journal of Students' Research","10.5549","19","9","28"
"Faculty of Physical Education and Sport","10.5550","19","4","23"
"Japan Society of Physical Education, Health, and Sport Sciences","10.5432","931","75","1006"
"Universidade Estadual de Londrina","10.5433","2292","-79","2213"
"The Royal Society (ID 175)","10.1098","1335246","834745","2169991"
"AACE Corp (American Association of Clinical Endocrinologists)","10.4158","21522","8133","29655"
"Harvard University Press","10.4159","92337","1223","93560"
"Marine and Coastal Research Institute INVEMAR","10.25268","4","0","4"
"Center for Pulp and Paper (ID 10910)","10.25269","0","0","0"
"Universitas Padjadjaran","10.24198","13","0","13"
"Museums Victoria","10.24199","695","550","1245"
"SciTech Solutions","10.24200","321","136","457"
"El Colegio de Mexico, A.C.","10.24201","321","118","439"
"Norwegian Medical Association","10.4045","3908","675","4583"
"Centro de Estudios Politicos y Constitucionales","10.18042","14","2","16"
"North Carolina Institute of Medicine","10.18043","118","17","135"
"Medinform LTD","10.18044","5","0","5"
"University of Rijeka, Faculty of Economics","10.18045","4","2","6"
"Universidad Icesi (ID 7461)","10.18046","56","6","62"
"Faculty of Agriculture in Osijek","10.18047","23","9","32"
"Association for Promotion and Development of Maritime Industries","10.18048","0","0","0"
"Journal of Contemporary Medicine and Dentistry","10.18049","3","1","4"
"Universidad Cesar Vallejo","10.18050","0","0","0"
"Universa Medicina","10.18051","7","2","9"
"SciPress Ltd (ID 7446)","10.18052","819","244","1063"
"Journal of Clinical and Translational Research","10.18053","15","1","16"
"Hrvatski Prirodoslovno Drustvo (Croatian Society for Natural Sciences)","10.18054","51","15","66"
"Centro de Estudos Geograficos (IGOT) Universidade de Lisboa","10.18055","64","0","64"
"South Egypt Cancer Institute","10.18056","2","0","2"
"Hong Kong Institute of Steel Construction","10.18057","17","0","17"
"IUPUI University Library","10.18060","114","10","124"
"The Ohio State University Libraries","10.18061,10.26818","1628","176","1804"
"Japan Institute of Metals","10.2320","73854","73418","147272"
"Editorial Committee of Annals of Thoracic and Cardiovascular Surgery","10.5761","1602","810","2412"
"The Korea Academia-Industrial Cooperation Society","10.5762,10.6029","4800","30","4830"
"The Korean Society of Sports Medicine (KAMJE)","10.5763","69","4","73"
"The Korean Society of Dyers and Finishers","10.5764","680","7","687"
"Korean Academy of Child and Adolescent Psychiatry (ID 3760)","10.5765","203","17","220"
"Academy of Sciences and Arts of the Republic of Srpska","10.5767","51","38","89"
"Journal of Applied Optics","10.5768","22","-14","8"
"ABEAT - Associacao Brasileira de Especialistas em Alta Tecnologia","10.5769","88","18","106"
"Canadian Geriatrics Society","10.5770","324","113","437"
"American Association of Physics Teachers (AAPT)","10.1119","108695","29251","137946"
"The Korean Institute of Information and Communication Sciences","10.6109","1179","15","1194"
"The Society of Air-Conditioning and Refrigeration Engineers of Korea","10.6110","801","24","825"
"The Korea Association of Crystal Growth","10.6111","309","18","327"
"Korea Society for Computational Fluids Engineering","10.6112","129","17","146"
"The Korean Institute of Power Electronics","10.6113","4323","327","4650"
"The Korean Oriental Medical Opthalmology and Otolaryngology and Dermatology Society","10.6114","305","3","308"
"The Korean Home Economics Association","10.6115","481","18","499"
"The Korea Association of Herbology","10.6116","361","15","376"
"The Korean Microelectronics and Packaging Society","10.6117","194","25","219"
"The Korean Society of Menopause (KAMJE)","10.6118","460","54","514"
"Korean Magnetic Resonance Society","10.6564","105","10","115"
"Universities Federation for Animal Welfare","10.7120","1212","714","1926"
"Institute of Molecular Biology and Genetics (NAS Ukraine)","10.7124","2896","351","3247"
"Proceedings of the Asia-Pacific Advanced Network","10.7125","362","74","436"
"Cumhuriyet University Faculty Dentistry","10.7126","53","-26","27"
"INOVAGRI","10.7127","185","4","189"
"Hallym University Press","10.7128","0","0","0"
"M. E. Sharpe Inc.","10.2753","52283","12484","64767"
"Universitatsverlag Gottingen","10.17875","46","22","68"
"Editora e Distribuidora Educacional","10.17921","7","1","8"
"Russian State Social University","10.17922","1","0","1"
"Language and Cognitive Science","10.17923","0","0","0"
"Touch Medical Media, Ltd. (ID 7274)","10.17925","967","429","1396"
"American Journal of Comparative Law","10.5131","726","67","793"
"Ecototoxicology and Environmental Contamination","10.5132","310","155","465"
"Egyptian Journal of Surgery","10.5133","0","0","0"
"Kyoto University Library","10.5134","981","1994","2975"
"The European Union Studies Association - Japan","10.5135","16","1","17"
"The Society of Life Support Technology","10.5136","89","13","102"
"Turkish Neurosurgical Society","10.5137","310","38","348"
"Advanced Research Journals","10.5138","341","178","519"
"The Korean Society for Aeronautical & Space Sciences","10.5139","1985","118","2103"
"The Korean Space Science Society","10.5140","794","81","875"
"Japan Society of Hepatology","10.2957","4441","597","5038"
"Japan Pancreas Society","10.2958","784","65","849"
"Northwest Atlantic Fisheries Organization (NAFO)","10.2960","4059","2347","6406"
"Japan Laser Processing Society","10.2961","1474","970","2444"
"The Japan Society of Thermophysical Properties","10.2963","632","632","1264"
"Japan Society of Information and Knowledge","10.2964","118","27","145"
"Japan Society on Water Environment","10.2965","2049","1585","3634"
"Department of Anatomy Keio University School of Medicine","10.2535","4224","1947","6171"
"Ilke Ilim Kultur ve Egitim Dernegi","10.26414","0","0","0"
"Knowledge Kingdom Publishing","10.26415","0","0","0"
"MedicHub Media","10.26416","0","0","0"
"EUSER","10.26417","27","4","31"
"Tanjungpura University","10.26418","1","0","1"
"AARP","10.26419","9","0","9"
"Austin Publishing Group","10.26420","21","1","22"
"Rinton Press","10.26421","16","-1","15"
"Asociacion Civil de Estudios Superiores (ACES) Universidad Austra","10.26422","1","0","1"
"Universidad Estatal Peninsula de Santa Elena","10.26423","1","1","2"
"Lucian Blaga Central University Library of Cluj","10.26424","0","0","0"
"State University of Management (ID 10959)","10.26425","0","0","0"
"Institute For Kyeongki Cultural Studies","10.26426","0","0","0"
"Korea Evangelical Historical Theological Society","10.26427","0","0","0"
"FSBSI TINRO Center (ID 10958)","10.26428","2","0","2"
"Navandu Technologies","10.26429","0","0","0"
"Cardiologia Hungarica","10.26430","0","0","0"
"Association for Spanish and Portuguese Historical Studies","10.26431","1","0","1"
"Fundacao Arnaldo Vieira de Carvalho","10.26432","0","0","0"
"The Table and Food Coordinate Society of Korea","10.26433","0","0","0"
"M.Gorky Donetsk National Medical University","10.26435","0","0","0"
"Humanities Journal of University of Zakho","10.26436","0","0","0"
"African Journal of Applied Research","10.26437","0","0","0"
"ISROSET: International Scientific Research Organization for Science, Engineering and Technology","10.26438","3","0","3"
"Universidad de Lima","10.26439","12","2","14"
"American Academy of Pediatrics (AAP)","10.1542","407996","269303","677299"
"Korea Society of Waste Management","10.9786","169","38","207"
"Korean Society of Breeding Science","10.9787","463","56","519"
"Associacao Brasileira de Psicologia","10.9788","234","6","240"
"Universidade Federal do Estado do Rio de Janeiro UNIRIO","10.9789","123","-35","88"
"NACE International","10.5006","35731","47120","82851"
"Universidade Federal de Santa Catarina (UFSC)","10.5007","1481","18","1499"
"Atomic Energy Society of Japan","10.3327","7075","11826","18901"
"J. Ross Publishing Inc.","10.3328","1052","390","1442"
"Bangladesh Journals Online (JOL) (ID 1861)","10.3329","7328","1534","8862"
"Hampshire Field Club and Archaeological Society","10.24202","0","0","0"
"Asian Online Journals","10.24203","3","1","4"
"Verein zur Forderung der Fachzeitschrift European Journal for Philosophy of Religion","10.24204","123","7","130"
"Fundacion Aigle","10.24205","0","0","0"
"LaborHistorico","10.24206","0","0","0"
"Revista Latino-Americana de Marcapasso e Arritmia","10.24207","0","0","0"
"Korean Association for Public Management","10.24210","35","6","41"
"The Korean Society for the Study of Teacher Education","10.24211","183","50","233"
"Nucleo de Estudos do Futuro NEF PUCSP","10.24212","4","-1","3"
"SAE Publications","10.24214","0","0","0"
"Universidad Nacional de La Plata","10.24215","4","-2","2"
"ibidem-Verlag","10.24216","0","0","0"
"FUAM (Fundacioon Universidad Autonoma de Madrid)","10.24217","1","0","1"
"Verizona Publisher Limited","10.24218","41","31","72"
"Revista de Pesquisa Interdisciplinar","10.24219","0","0","0"
"Scuola Normale Superiore - Edizioni della Normale","10.2422","2","0","2"
"Cadernos de Fe e Cultura, Oculum Ensaios, Reflexao, Revista de Ciencias Medicas e Revista de Educacao da PUC-Campinas","10.24220","10","0","10"
"Journal of Environmental Analysis and Progress - JEAP","10.24221","5","-1","4"
"Revista Stricto Sensu","10.24222","0","0","0"
"NPO Energobezopasnost (ID 10319)","10.24223","4","0","4"
"OOO Centr naucnyh i obrazovatelnyh proektov","10.24224","0","0","0"
"Korean Artificial Intelligence","10.24225","0","0","0"
"Korean Society of Vocational Rehabilitation","10.24226","1","0","1"
"The Institute of Korean Language and Literature in Chonnam National University","10.24227","0","0","0"
"Kozlekedestudomanyi Szemle","10.24228","0","0","0"
"Korean Evangelical Society of New Testament Studies","10.24229","10","-1","9"
"Korean Society for Industrial and Organizational Psychology","10.24230","112","31","143"
"Research Institute of Curriculum and Instruction","10.24231","153","18","171"
"Jeoloji Muhendisligi Dergisi (ID 10321)","10.24232","2","1","3"
"Biology Department, Faculty of Mathematics and Natural Sciences, Sriwijaya University","10.24233","1","0","1"
"Armenian State Pedagogical University after Khacatur Abovyan","10.24234","1","0","1"
"IAIN Syekh Nurjati Cirebon","10.24235","2","0","2"
"Servicio Nacional de Aprendizaje SENA","10.24236","0","0","0"
"University of Diyala, College of Science","10.24237","0","2","2"
"Publiverse Online S.R.L","10.24238","0","0","0"
"IAIN Palu","10.24239","1","0","1"
"Register of Qualified Genealogists","10.24240","1","0","1"
"CIDOB (Barcelona Centre for International Affairs)","10.24241","4","1","5"
"Library Juice Press","10.24242","7","5","12"
"Rational Publication","10.24243","3","0","3"
"Indonesia Society of Neuroanesthesia and Critical Care (INA-SNACC)","10.24244","0","0","0"
"Nieto Editores","10.24245","0","0","0"
"Universitas Kristen Satya Wacana","10.24246","8","-2","6"
"Transstellar Journal Publications and Research Consultancy Private Limited","10.24247","21","0","21"
"Ombudsman Akademik (ID 17317)","10.32002","0","0","0"
"National Society of Ecological Engineering and Environment Protection","10.32006","0","0","0"
"Saima Consult Ltd","10.32008","0","0","0"
"Centers for Disease Control and Prevention (CDC)","10.3201,10.15620,10.5888","185634","89417","275051"
"Science Reviews 2000 LTD","10.3184","12105","11701","23806"
"Kardan University","10.31841","0","0","0"
"Asosiasi Forum Inovasi Bisnis dan Manajemen (INOBIS)","10.31842","0","0","0"
"Asosiasi Forum Manajemen Indonesia (FMI)","10.31843","0","0","0"
"Pusat Kajian dan Pelatihan dan Pendidikan Aparatur Lembaga Administrasi Negara (PKP2A I LAN)","10.31845","0","0","0"
"Universitas Kebangsaan","10.31848","0","0","0"
"Universitas Muhammadiyah Parepare","10.31850","0","0","0"
"Universitas PGRI Palembang","10.31851","0","0","0"
"Bonch-Bruevich State University of Telecommunications","10.31854","0","0","0"
"MIT Press - Journals (ID 281)","10.31859,10.1162,10.7551","524011","259789","783800"
"The Phytopathological Society of Japan","10.3186","8301","3264","11565"
"Institute of Russian Literature Pushkinskij Dom RAN","10.31860","0","0","0"
"Federal State Budgetary Educational Institution of Higher Education Moscow Pedagogical State University","10.31862","0","0","0"
"Special Education Research Institute Dankook University","10.31863","0","0","0"
"The Society of Earth Scientists","10.31870","0","0","0"
"Nextgen Research Publications","10.31871","0","0","0"
"Kenkyu Publishing Group","10.31872","0","0","0"
"Engineering Research Publication ERP","10.31873","0","0","0"
"Grupo Compas","10.31876","0","0","0"
"Sumathi Publications","10.31878","0","0","0"
"Sociedad Chilena de Dermatologia","10.31879","0","0","0"
"Swiss Forestry Society","10.3188","694","614","1308"
"Seniko Studio Ltd","10.31881","0","0","0"
"P3M Politeknik Negeri Indramayu","10.31884","0","0","0"
"University of Helsinki Libraries","10.31885","1","0","1"
"Journal of Recovery Science","10.31886","0","0","0"
"Servier International","10.31887","0","0","0"
"The Society of Korean Language and Literature","10.31889,10.15711","0","0","0"
"The Korean Society of Radiology (KAMJE)","10.3348","11926","5368","17294"
"Yonsei University College of Medicine (KAMJE)","10.3349","20576","9248","29824"
"The Korean Association for the Study of the Liver","10.3350","3556","831","4387"
"Pusat Penelitian dan Pengabdian kepada Masyarakat (P3M)","10.25292","0","0","0"
"Epiarte, s.l.","10.25293","0","0","0"
"Akdeniz Universitesi Iktisadi ve Idari Bilimler Dergisi","10.25294","0","0","0"
"Fiscaoeconomia","10.25295","0","0","0"
"Geomarketing (ID 10926)","10.25296","1","0","1"
"Society for Art Education of Korea","10.25297","0","0","0"
"Grodno State Medical University","10.25298","0","0","0"
"UIR Press","10.25299","0","0","0"
"Japan Society for Laser Surgery and Medicine","10.2530","224","34","258"
"MIS Quarterly","10.25300","2866","888","3754"
"Journal of Pakistan Dental Association","10.25301","0","0","0"
"Patient-Centered Outcomes Reserach Institute","10.25302","0","0","0"
"Association for Learning Technology","10.25304","6","4","10"
"Ukranian Association of Neurosurgeons","10.25305","5","0","5"
"Sosyal ve Kulturel Arastirmalar Dergisi","10.25306","0","0","0"
"Spor Bilimleri Arastirmalari Dergisi","10.25307","0","0","0"
"Adnan Menderes Universitesi Ziraat Fakultesi Dergisi","10.25308","0","0","0"
"Korean Society of Evangelical Practical Theory","10.25309","0","0","0"
"Japanese Society of Spinal Surgery","10.2531","142","80","222"
"LPPM Hang Tuah Pekanbaru","10.25311","0","0","0"
"Akademia Humanistyczno-Ekonomiczna w Lodzi","10.25312","0","0","0"
"Internauka","10.25313","0","0","0"
"Swiss Chemical Society","10.2533","5570","5283","10853"
"Multi-Science Publishing Co. Ltd.","10.1260","30562","14628","45190"
"Japanese Society of Animal Reproduction","10.1262","12473","7298","19771"
"Society for Biotechnology, Japan","10.1263","12703","12053","24756"
"Balai Penelitian dab Pengembangan Agama Jakarta","10.31330","0","0","0"
"IKIP Veteran Semarang","10.31331","0","0","0"
"Institut Agama Islam Negeri Kendari","10.31332","0","0","0"
"Korean Institute of Hazardous Materials","10.31333","0","0","0"
"Institut Ilmu Sosial dan Manajemen STIAMI","10.31334","0","0","0"
"The Historical Society of Yeoksa Silhak","10.31335","0","0","0"
"The Korea Academic Society Of Tourism And Leisure","10.31336","0","0","0"
"Institute of Philosophy and Theology of the Society of Jesus","10.31337","0","0","0"
"EPD Mukachevo State University","10.31339","0","0","0"
"Emerging Health Threats Forum CIC","10.3134","25","4","29"
"Faculty of Organisation and Informatics","10.31341","0","0","0"
"International Journal of Human and Health Sciences IJHHS","10.31344","0","0","0"
"Balai Besar Pengembangan SDM dan Penelitian Komunikasi dan Informatika Medan","10.31346","0","0","0"
"Czech Society of Ophthalmology of the CzMA","10.31348","0","0","0"
"Sociedad Mexicana de Fisica A C","10.31349","1","-1","0"
"The Marine Acoustics Society of Japan","10.3135","185","54","239"
"Mavipuro Polska Sp. z o.o.","10.31350","0","0","0"
"College of Pharmacy University of Baghdad","10.31351","0","0","0"
"The Education Research Institute","10.31352","0","0","0"
"Landscape Architecture Foundation","10.31353","0","0","0"
"Global Clinical Engineering Journal","10.31354","0","0","0"
"University of Sri Jayewardenepura","10.31357","3","3","6"
"Fakultas Teknik Elektronika dan Komputer Universitas Kristen Satya Wacana","10.31358","0","0","0"
"Japanese Society for Food Science and Technology","10.3136","13383","8071","21454"
"Bauman Moscow State Technical University","10.18698","54","-24","30"
"Institute of Cytology and Genetics, SB RAS","10.18699","56","6","62"
"Korean Neurocritical Care Society","10.18700","20","1","21"
"IMS Institute Noida","10.18701","2","0","2"
"Asian Concrete Federation","10.18702","0","2","2"
"Seoul International Law Academy","10.18703","0","0","0"
"The Japan Language and Literature Association of Korea","10.18704","1","0","1"
"Arterialnaya Gipertenziya","10.18705","4","0","4"
"Gojoseon and Dangun Studies Association","10.18706","1","0","1"
"East-West Art and Culture Studies Association","10.18707","1","0","1"
"Korean Association of Christian Studies","10.18708","0","0","0"
"Southern Spaces","10.18737","3","0","3"
"Sociedade de Ensino Superior de Vitoria","10.18759","3","0","3"
"INFOCOMP Journal of Computer Science","10.18760","6","1","7"
"Associacao Paradigma - Centro de Ciencias e Tecnologia do Comportamento","10.18761","3","2","5"
"Associacao Educacional de Araras","10.18762","0","0","0"
"Revista do Tribunal de Contas do Estado de Minas Gerais","10.18763","0","0","0"
"Universidade Federal do Maranhao","10.18764","30","3","33"
"Journal of Extension Systems","10.18765","0","0","0"
"InterEspaco: Revista de Geografia e Interdisciplinaridade","10.18766","1","0","1"
"IJAEDU- International E-Journal of Advances in Education","10.18768","9","1","10"
"IJASOS- International E-journal of Advances in Social Sciences","10.18769","7","1","8"
"Korea Electric Power Corporation","10.18770","15","2","17"
"Uyusmazlik Mahkemesi Dergisi","10.18771","0","0","0"
"Wits University Press","10.18772","12","0","12"
"NPS MedicineWise","10.18773","1583","597","2180"
"American Society of Tropical Medicine and Hygiene","10.4269","92356","99063","191419"
"Revista Universo Contabil","10.4270","59","7","66"
"American Vacuum Society","10.1116","321577","252146","573723"
"IATED Academy","10.21125","279","0","279"
"Yaoyi International Publishing","10.21127","27","6","33"
"Institute for Law and Public Policy","10.21128","1","1","2"
"Korean Society of Peripheral Nervous System","10.21129","6","3","9"
"University of California Agriculture and Natural Resources (UC ANR)","10.3733","14040","5923","19963"
"Journal of Chinese Integrative Medicine Press","10.3736","3898","1523","5421"
"The e-Crystals Federation","10.3737","6","1","7"
"Fundacao Educational de Ituverava","10.3738","101","7","108"
"New Delhi Institute of Management","10.20968","4","0","4"
"Contemporary Clinical Medicine","10.20969","8","0","8"
"Korean Academy of Social Welfare","10.20970","336","81","417"
"Korean Council of Physical Multiple and Health Disabilities","10.20971","122","16","138"
"Elementary Education Research Institute","10.20972","80","7","87"
"Korea Institute for Future Politics","10.20973","1","0","1"
"The Korean Association for the Western Ancient History and Culture","10.20975","0","0","0"
"Korean National Research Center for the Arts","10.20976","0","1","1"
"Korean Society of Education Through Art","10.20977","6","2","8"
"International Journal of Legal Progress","10.20978","2","0","2"
"International Journal of Economics and Innovation","10.20979","0","0","0"
"Kaygi","10.20981","0","0","0"
"The Quantitative Methods for Psychology (ID 8547)","10.20982","2666","862","3528"
"Noesis - Revista de Ciencias Sociales y Humanidades","10.20983","8","3","11"
"Laikos Servicos Ltda","10.20985","4","1","5"
"Inspira Network Group","10.20986","1","4","5"
"Kenya Meteorological Society","10.20987","7","1","8"
"Institute of Language and Information Studies","10.20988","17","3","20"
"International Journal of Business, Economics, and Management Perspectives","10.20989","0","0","0"
"Journal of Academic Researches and Studies","10.20990","0","0","0"
"All Azimuth Journal of Foreign Policy and Peace","10.20991","8","1","9"
"KeiMyung University Institute for Women's Studies","10.20992","4","0","4"
"The Korean Society of School Social Work","10.20993","13","3","16"
"Gwalior Management Academy","10.20994","0","0","0"
"The Institute for Culture, Media and Entertainment Laws","10.20995","0","0","0"
"Stolichnaya Izdatelskaya Kompaniyaizdat (ID 8599)","10.20996","107","15","122"
"The Korean Association for Survey Research","10.20997","1","-1","0"
"National Technical University Kharkiv Polytechnic Institute","10.20998","21","-2","19"
"UNAM (Norteamerica, Revista Academica del CISAN-UNAM)","10.20999","4","1","5"
"American Society of Mining and Reclamation (ASMR)","10.21000","250","176","426"
"Universitat de Lleida","10.21001","0","0","0"
"Ediciones Universidad de Salamanca","10.14201","398","-1","397"
"Veterinary World (ID 5308)","10.14202","1179","412","1591"
"Indonesian Institute of Sciences","10.14203","127","24","151"
"Education & Psychology I+D+i","10.14204","130","11","141"
"Pharma Publisher","10.14205","47","21","68"
"Global Science Heritage","10.14206","9","4","13"
"European Center of Sustainable Development","10.14207","129","41","170"
"EBES Aras. Dan Egt. Yayin ve Org (Eurasia Business and Economics Society)","10.14208","25","6","31"
"Sociedad Brasileira de Telecomunicacoes","10.14209","113","13","126"
"Editora UNIVALI","10.14210","340","122","462"
"Revista de Empreendedorismo e Gestao de Pequenas Empresas (REGEPE)","10.14211","4","-1","3"
"ISE Vera Cruz","10.14212","18","-16","2"
"The International Centre for Trade Union Rights (ICTUR)","10.14213","13","1","14"
"Finnish Society of Forest Science","10.14214","9530","5443","14973"
"Osterreichische Akademie der Wissenschaften","10.1553","2328","425","2753"
"The Korean Society of Climate Change Research","10.15531","56","5","61"
"Korea Association of Japanology","10.15532","2","0","2"
"SDMIMD Journal of Management","10.15533","0","0","0"
"Quotus Publishing","10.15534","81","2","83"
"SRI Institute of Political and Mediametric Studies IPMS","10.15535","6","-1","5"
"Instituto Federal de Educacao, Ciencia e Tecnologia Sul-Rio-Grandense","10.15536","2","2","4"
"Saudi Medical Journal","10.15537","664","249","913"
"South European Journal of Orthodontics and Dentofacial Research","10.15538","0","3","3"
"Institute of Legal Studies, Kyung Hee University","10.15539","1","0","1"
"The Society for the Study of Evolution","10.1554","13489","8112","21601"
"Marwah Infotech","10.21276","71","24","95"
"Siauliai University","10.21277","3","1","4"
"Faculty of Mechanical Engineering and Naval Architecture, Univ. of Zagreb","10.21278","36","16","52"
"Mircea cel Batran Naval Academy","10.21279","2","0","2"
"Associacao Portuguesa de Terapeutas da Fala (Portuguese Association of Speech Therapists)","10.21281","2","-1","1"
"E-JournALL (ID 8794)","10.21283","26","-17","9"
"Revista Elo - Dialogos em Extensao","10.21284","0","0","0"
"Irkutsk National Research Technical University","10.21285","18","1","19"
"The Korean Association for Public Society","10.21286","0","0","0"
"Korea Women's Studies Institute","10.21287","6","0","6"
"Rehabilitation Engineering And Assistive Technology Society of Korea","10.21288","1","0","1"
"The Korean Society of Industrial Convergence","10.21289","1","0","1"
"Korean Association of Language Studies","10.21291","1","0","1"
"New Terra (ID 8797)","10.21292","14","4","18"
"Tomsk State University of Control Systems and Radioelectronics (TUSUR)","10.21293","14","-1","13"
"Tomsk Cancer Research Institute (ID 8796)","10.21294","14","2","16"
"Belgorod University of Cooperation, Economics and Law","10.21295","1","0","1"
"The Linguistic Science Society","10.21296","0","0","0"
"The British and American Language and Literature Association of Korea","10.21297","0","0","0"
"Korea Tourism Research Association","10.21298","19","0","19"
"Korean Association for Visual Culture","10.21299","0","0","0"
"Japanese Group Dynamics Association","10.2130","687","57","744"
"Academy of Inventors","10.21300","21","16","37"
"Faculty of Philosophy, University of Belgrade","10.21301","7","1","8"
"OU Scientific Route","10.21303","14","5","19"
"IAP Intensive Care Chapter India","10.21304","3","2","5"
"Oxford Pharamgenesis","10.21305","3","-1","2"
"Journal of International Dental Scienes (BEUN)","10.21306","0","1","1"
"Exeley, Inc.","10.21307","402","72","474"
"Maney Publishing (ID 138)","10.1179","315404","191915","507319"
"Sumy State University","10.21272","127","44","171"
"American Society for Horticultural Science","10.21273","210","91","301"
"IAIN Tulungagung","10.21274","0","0","0"
"International Journal of Science and Research","10.21275","85","42","127"
"Virtus Interpress (ID 9787)","10.22495","658","171","829"
"Archyworld Publishing, Ltd.","10.22496","6","1","7"
"Universidad Privada Antenor Orrego","10.22497","0","1","1"
"Past Global Changes (PAGES)","10.22498","160","113","273"
"Bureau of Meteorology, Australia","10.22499","1049","453","1502"
"Sodality: Jurnal Sosiologi Pedesaan","10.22500","1","0","1"
"Society for Artistic Research","10.22501","1","0","1"
"Lumbini Medical College","10.22502","1","0","1"
"Informacios Tarsadalom","10.22503","0","0","0"
"Gwangju Catholic University Institute for Theology","10.22504","0","0","0"
"The American Studies Association of Korea","10.22505","0","0","0"
"Society of Toxicology, India","10.22506","6","2","8"
"Corporacion Universitaria Lasallista","10.22507","22","1","23"
"Korea Food Service Association","10.22509","84","-22","62"
"Korean Financial Management Association","10.22510","0","0","0"
"Korean Association of Women's History","10.22511","0","0","0"
"Baldwin Wallace University","10.22513","0","0","0"
"Pharmamed Mado Ltd","10.22514","191","45","236"
"IAIN Surakarta","10.22515","1","0","1"
"Asociacion Colombiana de Gastroenterologia","10.22516","0","1","1"
"Universidad Tecnologica de Pereira - UTP","10.22517","1","0","1"
"Universidad Sergio Arboleda","10.22518","15","0","15"
"Corporacion Universitaria Rafael Nunez","10.22519","0","1","1"
"Parantez Teknologji Ltd","10.22520","38","42","80"
"Universitepark","10.22521","1","1","2"
"Edward Bernays College of Communication Management","10.22522","6","0","6"
"Universidad Libre","10.22525,10.18041","10","0","10"
"Universidad Catolica de Cordoba","10.22529","0","0","0"
"Grupo de Investigacion Arte y Ciudad, UCM","10.22530","0","0","0"
"Mugla Journal of Science and Technology","10.22531","8","-2","6"
"Journal of Transportation and Logistics","10.22532","2","0","2"
"Atena Editora","10.22533","0","0","0"
"Broadcasting and Arts Research Institute","10.22534","0","0","0"
"Korean Society of Clinical Toxicology","10.22537","0","0","0"
"The Japan Center","10.22538","0","0","0"
"Hanyang Peace Institute","10.22539","0","3","3"
"Hylonome Publications","10.22540","2","0","2"
"Authorea, Inc.","10.22541,10.15200","41","7","48"
"Nevada Water Resources Association","10.22542","0","0","0"
"Valparaiso University","10.22543","23","-1","22"
"Colegio Profesional de Psicologos de Costa Rica","10.22544","0","0","0"
"The Academy of Transdisciplinary Learning and Advanced Studies","10.22545","5","2","7"
"Sociedad Gallega de Medicina Interna","10.22546","7","18","25"
"Institute of Management Sciences","10.22547","12","10","22"
"Lajnah Pentashihan Mushaf Al-Qur'an","10.22548","0","0","0"
"Journal of Earth Energy Engineering","10.22549","0","0","0"
"UNIR Ediciones SL","10.22550","0","0","0"
"Grigore T. Popa University of Medicine and Pharmacy","10.22551","14","-10","4"
"Jaipuria Institute of Management, India","10.22552","1","0","1"
"The Korean Educational Administration Society","10.22553","0","0","0"
"Irish Learning Technology Association (ILTA)","10.22554","1","0","1"
"Institute of Business Management","10.22555","3","0","3"
"The Convergence Tourism Contents Society","10.22556","0","0","0"
"The Korean Language Society","10.22557","2","0","2"
"The Korean Industrial Economic Association","10.22558","1","0","1"
"Cyprus International University","10.22559","0","0","0"
"Associacao Nacional de Educacao Catolica - ANEC","10.22560","0","0","0"
"Cadernos do CEOM","10.22562","2","3","5"
"Jornal de Assistencia Farmaceutica e Farmacoeconomia","10.22563","0","0","0"
"Sociedade Brasileira de Geofisica","10.22564","54","30","84"
"ICHB PAS Poznan Supercomputing and Networking Center","10.12921","828","255","1083"
"Surface Science Society Japan","10.1380","3475","1985","5460"
"Fibre Diffraction Review","10.1382","18","12","30"
"The Japanese Society of Swine Science","10.5938","197","46","243"
"The Society of Japanese Women Scientists","10.5939","2","2","4"
"Polytechnic of Porto","10.26537","3","-1","2"
"University of Benin","10.26538","1","0","1"
"Pusat Kajian Bimbingan dan Konseling FIPPS Unindra","10.26539","0","0","0"
"Environment and Social Welfare Society","10.26540","0","0","0"
"Korean Society for Media Law, Ethics and Policy Research","10.26542","0","0","0"
"Revista Eletronica Evidencia e Enfermagem","10.26544","0","0","0"
"Amazonian Journal of Plant Research","10.26545","0","0","0"
"Magyar Nyelvtudomanyi Tarsasag","10.26546","0","0","0"
"Direito Cultura e Cidadania","10.26547","0","0","0"
"The Scandinavian Society of Korea","10.26548","0","0","0"
"Synergy Publishing Pte. Ltd.","10.26549","0","0","0"
"Australian College of Perioperative Nurses","10.26550","1","0","1"
"STF Driyarkara - Diskursus","10.26551","0","0","0"
"University of Zilina","10.26552","0","0","0"
"Faculty of Public Health of Sriwijaya University","10.26553","0","0","0"
"ARTS Publishing","10.26554","7","0","7"
"Universitas Ahmad Dahlan, Kampus 3","10.26555","27","2","29"
"Journal of Ethics and Social Philosophy","10.26556","96","12","108"
"Litera","10.26557","0","0","0"
"International Journal of Crop Science and Technology","10.26558","0","0","0"
"Mersin Universitesi Saglik Bilimleri Dergisi","10.26559","0","0","0"
"Istanbul Universitesi Iktisat Fakultesi Mecmuasi (ID 11104)","10.26560","0","0","0"
"Istanbul Universitesi Edebiyat Fakultesi Turk Dili ve Edebiyati Dergisi","10.26561","0","0","0"
"AM Publications","10.26562","0","0","0"
"Dobras","10.26563","0","0","0"
"Fundacion Universidad Autonoma de Colombia","10.26564","0","0","0"
"V. N. Karazin Kharkiv National University","10.26565","0","0","0"
"Centro de Estudos em Geopolitica e Realcoes Internacionais (CENEGRI)","10.26566","0","0","0"
"Marmara Saglik Hizmetleri Dergisi","10.26567","0","0","0"
"Educa - Revista Multidisciplinar em Educacao","10.26568","0","0","0"
"Islami Arastirmalar Dergisi","10.26570","0","0","0"
"Revista REAMEC","10.26571","0","0","0"
"AIMS International","10.26573","0","0","0"
"TARUS Media","10.26574","0","0","0"
"Dental Anthropology Association","10.26575","0","0","0"
"STIKES PKU Muhammadiyah Surakarta","10.26576","0","0","0"
"al-Farabi Kazakh National University","10.26577","7","1","8"
"Balai Riset dan Standardisasi Industri Samarinda","10.26578","0","0","0"
"Strategic Researches Academy","10.26579","0","0","0"
"Psychtech and Health Journal","10.26580","0","0","0"
"Sean Kingston Publishing","10.26581","2","0","2"
"Faculty of Kinesiology, University of Zagreb","10.26582","12","-1","11"
"National Research Nuclear University MEPhI (Moscow Engineering Physics Institute)","10.26583","0","1","1"
"Global Center for Arts and Culture Education","10.26584","1","0","1"
"Chinese Studies Institute","10.26585","2","0","2"
"Chinese Literary Society","10.26586","0","0","0"
"Institute for Social Sciences, Gyeongsang National University","10.26587","20","4","24"
"Korea Deposit Insurance Corporation","10.26588","0","0","0"
"Cheongram Korean Language Education Association","10.26589","2","0","2"
"Institute for the Study of Theology","10.26590","0","0","0"
"The Japanese Education Association of Korea","10.26591","0","0","0"
"The Korean Society of Inclusive Education","10.26592","8","-2","6"
"LPPM UNPAR","10.26593","1","-1","0"
"Universitas Pesantren Tinggi Darul Ulum (Unipdu)","10.26594","0","0","0"
"Associacio Catalana de Comptabilitat i Direccio","10.26595","6","3","9"
"World Public Health Nutrition Association","10.26596","0","0","0"
"American University of Iraq, Sulaimani","10.26598","1","0","1"
"Tsinghua University Press","10.26599","8","2","10"
"Romanian Society of Biochemistry and Molecular Biology","10.26600","0","0","0"
"Association of Pulmonologists from Republika Srpska","10.26601","0","0","0"
"The Sports Physical Therapy Session","10.26603","9","6","15"
"M2 Books","10.26604","0","0","0"
"Medicina Veterinaria (UFRPE)","10.26605","1","2","3"
"Korean Association of Addiction Crime","10.26606","1","0","1"
"International Journal of Sustainable Lighting","10.26607","5","17","22"
"American Numismatic Society","10.26608","0","0","0"
"Naturepub Academics, Inc.","10.26609","0","0","0"
"Balai Bahasa Jawa Barat","10.26610","0","0","0"
"Statperson Publishing Coporation","10.26611","0","0","0"
"Poder Judicial Cordoba","10.26612","0","0","0"
"Academic Studies Press","10.26613","10","4","14"
"University of Ljubljana, Biotechnical Faculty, Department of Wood Science and Technology","10.26614","0","0","0"
"Assoc. for Computational Linguistics Bulgaria","10.26615","19","-7","12"
"National Institute for Occupational Safety and Health (NIOSH)/Education Information Division (EID)","10.26616","0","1","1"
"The Korean Society of Food Science and Nutrition","10.3746","19250","1011","20261"
"MultiMed Inc.","10.3747","8677","3049","11726"
"Meteorological Society of Japan","10.2151","39733","17259","56992"
"LLC CPC Business Perspectives (ID 8959)","10.21511","405","13","418"
"Universitas Bina Nusantara","10.21512","70","8","78"
"FSBI IGKE","10.21513","1","1","2"
"SPRI of Radiation Hygiene Prof. PV Ramzaev (ID 8955)","10.21514","6","1","7"
"Kuban State Agrarian University","10.21515","4","1","5"
"Real Time, Ltd. (ID 8956)","10.21516","0","0","0"
"Gazi University","10.12996","8","0","8"
"Korean Society of Lipidology and Atherosclerosis (KAMJE)","10.12997","74","7","81"
"Japan Prosthodontic Society","10.2186","1849","918","2767"
"University of Rijeka, Faculty of Medicine","10.21860","1","-1","0"
"University of Zagreb, Department of Geography","10.21861","21","14","35"
"Publishing India Group","10.21863","46","1","47"
"British Global Travel Health Association (BGTHA)","10.21864","0","0","0"
"Associacao Iberoamericana de Diagnostico e Avaliacao Psicologica","10.21865","9","-4","5"
"Academy of East Asian Studies","10.21866","0","0","0"
"Japanese Society for Biological Sciences in Space","10.2187","796","506","1302"
"National Medical Research Radiological Centre","10.21870","5","-1","4"
"Journal of Franchise Management","10.21871","1","0","1"
"International Institute of Anticancer Research","10.21873","1297","433","1730"
"Escola Nacional de Administracao Publica (ENAP)","10.21874","5","0","5"
"Programa de Pos Graduacao em Direito da Universidade Federal do Rio de Janeiro","10.21875","0","0","0"
"Revista Ciencias em Saude","10.21876","17","0","17"
"Revista Brasileira de Analises Clinicas","10.21877","0","0","0"
"Associacao Brasileira de Pesquisadores em Comunicacao e Politica (Compolitica)","10.21878","13","0","13"
"Revista da FAEEBA","10.21879","3","0","3"
"Japan Epidemiological Association","10.2188","14234","4829","19063"
"Revista IUS GENTIUM","10.21880","0","0","0"
"Abril NEPA UFF","10.21881","0","0","0"
"Revista Uninter de Comunicacao","10.21882","0","0","0"
"Ioffe Institute Russian Academy of Sciences","10.21883","3","1","4"
"International Journal of Modern Trends in Engineering and Research","10.21884","4","0","4"
"Mineralogical Association of Canada","10.3749","2434","2571","5005"
"Szczecinskie Towarzystwo Naukowe","10.3750","1907","509","2416"
"The Middle East Journal","10.3751","914","117","1031"
"Universidad Pedagogica y Tecnologica de Colombia","10.19053","71","-3","68"
"International Journal of Medical and Dental Sciences","10.19056","6","4","10"
"Journal of Special Education and Rehabilitation","10.19057","4","0","4"
"Institute of Iberoamerican Studies","10.19058","0","0","0"
"Mukaddime","10.19059","2","0","2"
"Gazi Academic View","10.19060","0","0","0"
"Institute of Chemical Research of Catalonia","10.19061","6","4","10"
"Henri Coanda Air Force Academy","10.19062","21","4","25"
"The Society for Asian Philosophy in Korea: SPK","10.19065","0","0","0"
"The Korean Society for Cognitive Science","10.19066","96","4","100"
"Institute of Governmental Studies","10.19067","10","3","13"
"The Korean Society for Teaching English Literature","10.19068","0","0","0"
"The Korean Association for Dialectology","10.19069","0","0","0"
"SciDoc Publishers LLC","10.19070","59","37","96"
"Scienceflora Publishers Pvt. Ltd.","10.19071","15","15","30"
"International Journal of Engineering Technologies","10.19072","11","3","14"
"Omsk Law Academy","10.19073","0","0","0"
"Sibeocenter LLC","10.19074","3","-1","2"
"LLC Publishing House Internauka","10.19075","1","0","1"
"Maden Tetkik ve Arama Dergisi","10.19076","1","0","1"
"The Korean Society of Calligraphy","10.19077","0","0","0"
"Korean Society for Science of Eastern Art","10.19078","0","0","0"
"sdvig press","10.19079","16","2","18"
"Juniper Publishers","10.19080","90","12","102"
"Japan Society of Plasma Science and Nuclear Fusion Research","10.1585","5807","1205","7012"
"International Journal of Integrated Health Sciences (IJIHS)","10.15850","6","5","11"
"Jurnal Anestesi Perioperatif (JAP)","10.15851","3","0","3"
"Online Journal of Analytic Combinatorics","10.15852","1","0","1"
"Kamchatka Research Institute of Fisheries and Oceanography","10.15853","0","0","0"
"Educational Research Institute, College of Education, Ewha Womans University","10.15854","13","0","13"
"Korean Association of Social Welfare Policy","10.15855","175","3","178"
"Association for Korea Public Administration History","10.15856","1","0","1"
"Korean Society of Exercise Physiology","10.15857","191","9","200"
"Korea Association of Teachers of English","10.15858","163","40","203"
"Yeol-song Society of Classical Studies","10.15859","0","0","0"
"Uniwersytet Mikolaja Kopernika/Nicolaus Copernicus University","10.12775","2130","2426","4556"
"Technical University of Kosice, Faculty of Materials, Metallurgy and Recycling (ID 5035)","10.12776","171","54","225"
"Clinics Cardive Publishing","10.5830","1452","657","2109"
"The Homan Mathematical Society","10.5831","350","46","396"
"Radiomatix","10.5832","1","0","1"
"The Japanese Journal of Gastroenterological Surgery","10.5833","5557","503","6060"
"Institute of Organic Chemistry & Biochemistry","10.1135","40153","58509","98662"
"Edinburgh University Press (ID 1931)","10.3366","20926","1316","22242"
"Cellule MathDoc/CEDRAM (ID 3842)","10.5802","22398","10850","33248"
"Japanese Society of Food Microbiology","10.5803","225","87","312"
"Land and Housing Institute","10.5804","29","2","31"
"The Korean Society for Clothing Industry","10.5805","911","1","912"
"The Korean Society of Analytical Science","10.5806","246","41","287"
"Korean Academic Society of Occupational Health Nursing","10.5807","642","26","668"
"Korea Genome Organization","10.5808","993","264","1257"
"University of Kentucky Press","10.5810","581","-30","551"
"Western Journal of Emergency Medicine (ID 3840)","10.5811","2749","1377","4126"
"The Japanese Bird Banding Association","10.14491","6","0","6"
"Department of Mathematics, Hokkaido University","10.14492","2215","1196","3411"
"The Korea Society of Mission Studies","10.14493","0","0","0"
"The Japan Society of Nuclear and Radiochemical Sciences","10.14494","859","566","1425"
"The Japan Society for Industrial and Applied Mathematics","10.14495","249","98","347"
"Diapedia","10.14496","19","0","19"
"Samara State Technical University (ID 5638)","10.14498","791","-9","782"
"Indonesian Journal of Pharmacy","10.14499","24","19","43"
"Koya University","10.14500","8","4","12"
"Ural Regional Nutrition Centre","10.14501","0","0","0"
"Faculty of Natural Sciences and Engineering, Department of Textiles","10.14502","68","13","81"
"Texas Heart Institute Journal (ID 5628)","10.14503","609","372","981"
"American Association of Textile Chemists and Colorists (AATCC)","10.14504","63","45","108"
"SC ASERS SRL","10.14505","1","0","1"
"American Anthropological Association","10.14506","535","64","599"
"Education Policy Analysis Archives","10.14507","2122","84","2206"
"Alaska Division of Geological and Geophysical Surveys","10.14509","208","124","332"
"American Bryological and Lichenological Society","10.1639","9966","3009","12975"
"American Fern Society","10.1640","1098","348","1446"
"American Institute of Biological Sciences","10.1641","48340","22934","71274"
"American Ornithologists' Union","10.1642","15346","7209","22555"
"American Society of Ichthyologists and Herpetologists (ASIH)","10.1643","11810","3991","15801"
"Hong Kong University Press","10.5790","1590","-33","1557"
"Business Valuation Review Journal","10.5791","332","23","355"
"The Korean Knee Society (ID 3797)","10.5792","1087","523","1610"
"Japan Association on the Environmental Studies","10.5793","0","0","0"
"The Endocrine Society (ID 80)","10.1210","1178726","1507863","2686589"
"GN1 Genesis Network","10.5935","6685","2627","9312"
"Korean Society of Life Science","10.5352","3678","146","3824"
"The University of Hong Kong Libraries","10.5353","609","175","784"
"American Thoracic Society (ID 19)","10.1164,10.1165,10.1513","711870","432458","1144328"
"Centro Latino Americano de Estudios en Informatica","10.19153","28","2","30"
"Roskilde University Library","10.19154","431","40","471"
"HPS - Health Publishing & Services SRL","10.19156","1","1","2"
"National Association of Therapeutic Schools and Programs","10.19157","35","18","53"
"Turkish Journal of Agricultural Research (TUTAD)","10.19159","1","0","1"
"International Journal of Educational Researchers","10.19160","2","1","3"
"Ege Journal of Medicine","10.19161","0","0","0"
"The Association for the Historical Studies on Korean National Movement","10.19162","0","0","0"
"Volgograd State Medical University (ID 8241)","10.19163","8","1","9"
"Northumbria University Library","10.19164","45","8","53"
"The International Centre for Counter-Terrorism (ICCT)","10.19165","19","1","20"
"Universitas Pelita Harapan","10.19166","2","0","2"
"Journal of Yasar University","10.19168","14","3","17"
"The City History Compilation Committee of Busan","10.19169","0","0","0"
"East European and Balkan Institute","10.19170","0","0","0"
"Uludag Universitesi Egitim Fakultesi Dergisi","10.19171","3","0","3"
"Korea Real Estate Analysts Association","10.19172","0","0","0"
"Athabasca University Press","10.19173,10.15215","3172","174","3346"
"Revista Esferas Interprogramas de Pos-graduacao em Comunicacao do Centro-Oeste","10.19174","0","0","0"
"RECOM (Revista de Enfermagem do Centro Oeste Mineiro)","10.19175","0","0","0"
"Revista de Cultura Teologica","10.19176","7","0","7"
"Universidade do Sul de Santa Catarina - UNISUL","10.19177","147","-26","121"
"Scientia Amazonia","10.19178","5","0","5"
"Essentia Editora","10.19180","2","1","3"
"Federal Center of Theoretical and Applied Sociology of the Russian Academy of Sciences (FCTAS RAS)","10.19181","3","0","3"
"CIRAD (Centre de Cooperation Internationale en Recherche Agronomique Pour le Developpement)","10.19182","422","1011","1433"
"Asociacion Colombiana de Profesores de Ingles - ASOCOPI","10.19183","16","2","18"
"The Institute of Electronics Engineers of Korea","10.5573","1679","228","1907"
"Korean Society of Ocean Engineers (KISTI)","10.5574","362","65","427"
"The Geological Society of Japan","10.5575","9660","6005","15665"
"International Dental Research","10.5577","15","9","24"
"Bilimsel Tip Publishing House","10.5578","641","208","849"
"INIST-CNRS","10.4267","3661","1814","5475"
"China Journal of Chinese Materia Medica","10.4268","343","9","352"
"University Library of Pecs","10.15170","0","0","0"
"International Society for Phytocosmetic Sciences","10.15171","4186","1165","5351"
"Griffith University","10.15172","41","8","49"
"McMaster University Library Press","10.15173","608","219","827"
"University of Guanajuato","10.15174","12","1","13"
"Japanese Society of Animal Science","10.2508","968","166","1134"
"SciPy","10.25080","7","0","7"
"Update Publishing","10.25081","3","1","4"
"Syncsci Publishing Pte., Ltd.","10.25082","0","0","0"
"Digital ProScholar Media","10.25083","0","0","0"
"ECS Publications","10.25084","0","0","0"
"Sociedad Entomologica Argentina","10.25085","1","0","1"
"Institute for Eastern Classic Studies","10.25086","0","0","0"
"Revista de Educacion Superior del Sur Global - RESUR","10.25087","0","0","0"
"Management Education and Research Institute (MERI)","10.25089","0","0","0"
"Pacific Northwest Fungi Project","10.2509","160","44","204"
"Revista de Educacao Matematica","10.25090","0","0","0"
"Novos Estudos - CEBRAP","10.25091","13","0","13"
"Balikesir Universitesi Fen Bilimleri Enstitusu Dergisi","10.25092","1","0","1"
"Revista Texto Poetico","10.25094","0","0","0"
"Muhasebe ve Finansman Dergisi","10.25095","1","0","1"
"Anti Ageing Foundation","10.25096","0","0","0"
"Facultad de Ciencias Economicas y Administrativas de la Universidad de Cuenca","10.25097","0","0","0"
"Cihan University - Sulaimanyia","10.25098","0","0","0"
"Journal of Nursing and Health","10.25099","0","0","0"
"The Commonwealth Fund (CMWF)","10.2510","1","3","4"
"Universidad del Valle","10.25100","40","13","53"
"Music and Entertainment Industry Educators Association (MEIEA)","10.25101","9","0","9"
"Eastern Macedonia and Thrace Institute of Technology","10.25103","41","19","60"
"Badan Litbang Perhubungan","10.25104","0","0","0"
"Universitas Trisakti","10.25105","1","0","1"
"Scientific Society for History of Health Culture, Belgrade","10.25106","0","1","1"
"Remedy Publications, LLC","10.25107","0","0","0"
"International Organization for Legal Researches","10.25108","0","0","0"
"Revista da Agu","10.25109","0","0","0"
"Universidade Paranaense","10.25110","4","0","4"
"Associacao Pro-Ensino Superior em Novo Hamburgo","10.25112","0","0","0"
"Editorial Universidad de Almeria","10.25115","85","14","99"
"CNU Journal of Agricultural Science","10.7744","105","7","112"
"Korean Society of Soil Science and Fertilizer","10.7745","1130","64","1194"
"The Korea Robotics Society","10.7746","281","5","286"
"Institute of Forest Science, Kangwon National University","10.7747","56","7","63"
"The Korean Institute of Gas","10.7842","139","19","158"
"Korean Geotechnical Society","10.7843","293","22","315"
"The Korean Institute of Resources Recycling","10.7844","138","29","167"
"The Microbiological Society of Korea","10.7845","199","32","231"
"The Korean Society for Marine Environment and Energy","10.7846","325","42","367"
"The Korean Society of Fish Pathology","10.7847","151","24","175"
"Korean Society of Surveying, Geodesy, Photogrammetry and Cartolography","10.7848","411","14","425"
"The Korean Society for New and Renewable Energy","10.7849","109","15","124"
"The Korean Society of Oceanography","10.7850","106","10","116"
"Korean Society of Rural Planning","10.7851","215","4","219"
"Korean Society of Sericultural Science","10.7852","219","47","266"
"The Korean Society of Veterinary Service","10.7853","184","12","196"
"Petrological Society of Korea","10.7854","340","86","426"
"Korean Society of Road Engineers","10.7855","237","12","249"
"The Korean Society of Community Living Science","10.7856","285","3","288"
"Korean Society of Soil and Groundwater Environment","10.7857","247","35","282"
"The Busan Gyeongnam Mathematical Society","10.7858","66","10","76"
"Korean Institute of Educational Facilities","10.7859","37","1","38"
"JCDR Research and Publications","10.7860","2465","-1","2464"
"The Centre for Philosophical Research","10.26913","2","0","2"
"Japanese Society of Veterinary Dermatology","10.2736","91","28","119"
"USDA Forest Service","10.2737","5448","2204","7652"
"Higher Education Press","10.2738","0","0","0"
"Kurume Medical Journal","10.2739","2355","1356","3711"
"Japanese Association for the Integrated Study of Dietary Habits","10.2740","160","-9","151"
"Frontiers in Bioscience","10.2741","65843","45868","111711"
"Japanese Pharmacological Society","10.1254","43141","49060","92201"
"University of Tennessee, Knoxville","10.7290","4","0","4"
"KOREMA","10.7305","278","40","318"
"Polish Geological Institute","10.7306","167","101","268"
"Faculty of Transport and Traffic Sciences","10.7307","203","39","242"
"Arquivos em Odontologia","10.7308","10","0","10"
"Journal of Mobile Technology in Medicine","10.7309","328","53","381"
"The Association for Regional Agricultural and Forestry Economics","10.7310","144","-1","143"
"Columbia University Press","10.7312","13614","382","13996"
"Revista Pedagogica","10.22196","10","2","12"
"Instituto Brasileiro de Direito Processual Penal","10.22197","1","-1","0"
"Region y Sociedad, Revista de el Colegio de Sonora","10.22198","10","0","10"
"Universidad Catolica del Norte - Chile","10.22199","111","67","178"
"Biomedical Research Press","10.2220","5623","5232","10855"
"Pakistan Journal of Pharmaceutical Research","10.22200","9","10","19"
"University of Louisville","10.18297","56","6","62"
"International Journal of Languages Education and Teaching","10.18298","5","-1","4"
"Cappadocia Journal of History and Social Sciences","10.18299","0","0","0"
"Researcher Social Sciences Studies","10.18301","0","0","0"
"Trofimuk Institute of Petroleum Geology and Geophysics (SB RAS)","10.18303","0","0","0"
"Revista Scripta Alumni","10.18304","0","0","0"
"Revista Scripta Uniandrade","10.18305","1","0","1"
"Progress in Geography","10.18306","75","2","77"
"Journal of Lake Sciences","10.18307","2451","966","3417"
"Sociedad Rio-Grandeense de Bioetic (SORBI)","10.18308","3","0","3"
"ANPOLL","10.18309","21","-1","20"
"Associacao Brasileira da Rede Unida","10.18310","18","0","18"
"Informatics Publishing Limited","10.18311","45","16","61"
"UNIVAG Centro Universitario","10.18312","0","0","0"
"Pacific Society for Reproductive Health Charitable Trust","10.18313","6","0","6"
"Gratis Open Access Publishers LLC","10.18314","0","0","0"
"Argumentum","10.18315","8","0","8"
"Centro Universitario La Salle - UNILASALLE","10.18316","1","1","2"
"Universidad Nacional del Centro del Peru","10.26490","1","0","1"
"Institute of Meteorology and Water Management - National Research Institute","10.26491","28","8","36"
"National Parks Board","10.26492","5","0","5"
"University of Primorska Press","10.26493","10","10","20"
"Queen Mary University of London","10.26494","1","0","1"
"Universidad Senor de Sipan SAC","10.26495","0","0","0"
"Royal Belgian Institute of Natural Sciences (RBINS)","10.26496","4","0","4"
"Badan Pengembangan dan Pembinaan Bahasa","10.26499","0","0","0"
"Journal of Advanced Research in Social Sciences and Humanities","10.26500","0","0","0"
"Riphah International University","10.26501","0","0","0"
"Fortune Journals","10.26502","4","4","8"
"Digital Games Research Association","10.26503","34","3","37"
"Economic and Social Research Institute","10.26504","7","1","8"
"Diyala Journal of Medicine","10.26505","0","0","0"
"American Institute of the History of Pharmacy","10.26506","0","0","0"
"Asociacion Colombiana de Facultades de Ingenieriia (ACOFI)","10.26507","0","0","0"
"Life Science Alliance, LLC (ID 12380)","10.26508","5","4","9"
"Federal Reserve Bank of Cleveland (ID 11044)","10.26509","80","56","136"
"iMedPharm","10.26510","3","0","3"
"The Society for Environmental Technology in Korea","10.26511","1","0","1"
"Biblioteca Central da UNB","10.26512","0","1","1"
"Turkiye Ortadogu Calismalari Dergisi","10.26513","0","0","0"
"Zoological Survey of India","10.26515","1","0","1"
"Irkutsk State University","10.26516","1","0","1"
"Yeni Turk Edebiyati Arastirmalari","10.26517","0","0","0"
"Siberian State Automobile and Highway University (SibADI) (ID 11048)","10.26518","4","-2","2"
"Magma Research and Consultancy Pvt. Ltd","10.26519","0","0","0"
"IFIASA (Ideas Forum International Academic and Scientific Association)","10.26520","0","0","0"
"Brock University Library","10.26522","359","83","442"
"Faculty of Teacher Training and Education, Mulawarman University","10.26523","0","0","0"
"Eleyon","10.26524","5","1","6"
"Forest Research Institute Malaysia","10.26525","5","0","5"
"LLC Perspectiva (ID 11058)","10.26526","0","0","0"
"International Journal of Advance Research in Engineering, Science and Technology (IJAREST)","10.26527","0","0","0"
"The Society of Korean and Chinese Humanities","10.26528","0","0","0"
"Faculty of Education, University of Ljubljana","10.26529","0","0","0"
"OAPEN Foundation","10.26530","1564","-44","1520"
"National Bank of Ukraine (ID 11068)","10.26531","8","3","11"
"Program Doktor Ilmu Hukum Unissula","10.26532","0","0","0"
"Philippine Federation of Chemistry Societies, Inc.","10.26534","0","1","1"
"Institute of Global Perspectives on Medical Sciences","10.26535","0","0","0"
"Family Science Association","10.26536","39","12","51"
"The Japan Society of Logopedics and Phoniatrics","10.5112","602","139","741"
"Instituto IMANI","10.5113","3","0","3"
"Termedia Sp. z.o.o.","10.5114","9402","3555","12957"
"Korean Association of Anatomists (KAMJE)","10.5115","1245","457","1702"
"Russian State University for the Humanities","10.28995","0","0","0"
"Russian Dialysis Society","10.28996","0","0","0"
"Revista Universitaria de la Educacion Fisica y el Deporte","10.28997","0","0","0"
"Universidade Federal de Alogoas","10.28998","7","0","7"
"The Pipeline Transport Institute","10.28999","0","0","0"
"RumeliDE Dil ve Edebiyat Arastirmalari Dergisi","10.29000","0","0","0"
"Cardiology Research Institute (ID 11538)","10.29001","0","0","0"
"Aksaray University Journal of Science and Engineering","10.29002","0","0","0"
"LLC MAKS Press (ID 11544)","10.29003","0","0","0"
"The Association for Korean Modern and Contemporary History","10.29004","0","0","0"
"Indian Society of Advancement of Canine Practice","10.29005","0","0","0"
"P.P. Shirshov Institute of Oceanology, RAS","10.29006","0","0","0"
"EasyChair","10.29007","15","-2","13"
"European Turbomachinery Society","10.29008","4","4","8"
"International Foundation of the Future Horizons OU","10.29009","0","0","0"
"Industrial Technologies, LTD","10.29010","0","0","0"
"Gavin Publishers","10.29011","0","1","1"
"Journal of Privacy and Confidentiality","10.29012","42","5","47"
"Premier Publishing s.r.o.","10.29013","0","0","0"
"Lithuanian Neurological Association","10.29014","0","0","0"
"WSB University in Wroclaw Publication Department","10.29015","0","2","2"
"Standard Analytics IO","10.29016","0","0","0"
"Centro de Investigacion y Desarrollo Profesional - CIDEPRO","10.29018","0","0","0"
"Universidad Tecnologica Equinoccial","10.29019","10","3","13"
"Publications Office of the European Union (ID 4854)","10.2902,10.2757,10.2870","6","0","6"
"New York Business Global LLC","10.29020","2","0","2"
"Portuguese Society of Dermatology and Venereology","10.29021","0","1","1"
"Cadernos de Historia UFPE","10.29022","0","0","0"
"Alanya Akademik Bakis","10.29023","0","0","0"
"Levy Library Press (ID 11553)","10.29024","0","0","0"
"North-Ossetian State University named after Costa Levanovich Khetagurov","10.29025","0","0","0"
"Opto-Electronic Advances","10.29026","4","2","6"
"Mass Research Publication Pvt Ltd","10.29027","0","0","0"
"National Gugak Center","10.29028","0","0","0"
"Bingol Universitesi Sosyal Bilimler Enstitusu Dergisi","10.29029","2","0","2"
"Valley International","10.18535","81","11","92"
"ICSC Press, International Center for Studies in Creativity","10.18536","5","0","5"
"Universidad de Cuenca","10.18537","4","-1","3"
"Zayed University Press","10.18538","3","0","3"
"Current Agriculture Science and Technology (CAST)","10.18539","1","0","1"
"Universidade Federal de Vicosa","10.18540","10","-4","6"
"The Special Education Research Institute","10.18541","78","1","79"
"Universidade Federal do Para","10.18542","76","24","100"
"University of Deusto","10.18543","66","4","70"
"PROQURAT Andrzej Prokurat","10.18544","39","14","53"
"Institute of Education Press (ID 8013)","10.18546","450","19","469"
"Kernel Press UG (haftungsbeschrankt)","10.18547","34","13","47"
"Asociacion Peruana de Reproduccion Animal","10.18548","1","2","3"
"Centro de Investigaciones y Publicaciones Farmaceuticas (CIPF)","10.18549","165","73","238"
"Russian Journal of Agricultural and Socio-Economic Sciences","10.18551","45","-12","33"
"Japan Society of Transfusion Medicine and Cell Therapy","10.3925","551","39","590"
"Omnia Publisher SL","10.3926","1123","144","1267"
"John Rylands University Library","10.3927","3","-1","2"
"SLACK, Inc.","10.3928","75609","34077","109686"
"Erzincan University Journal of Education Faculty","10.17556","1","0","1"
"Turkish Journal of Field Crops","10.17557","44","14","58"
"Mechanical Engineering Faculty in Slavonski Brod","10.17559","152","39","191"
"Deutscher Industrieverlag GmbH","10.17560","127","26","153"
"Universidad de Jaen","10.17561","18","2","20"
"Centro de Innovacion y Desarrollo Tecnologico en Computo","10.17562","117","22","139"
"SBV Sociedade Brasileira de Vacuo","10.17563","7","0","7"
"Universidade Tiradentes","10.17564","27","0","27"
"Revista GESTA","10.17565","11","0","11"
"Cadernos Ibero-Americanos de Direito Sanitario","10.17566","12","2","14"
"The Journal of Faculty of Dentistry of Ataturk University","10.17567","2","0","2"
"Ormancilik Arastirma Dergisi","10.17568","0","0","0"
"Turkish Online Journal of Qualitative Inquiry","10.17569","29","4","33"
"Evolve Publishing","10.17570","14","0","14"
"Asian Scientific Publishers","10.17571","14","11","25"
"Moment Journal","10.17572","2","0","2"
"Faculty of Administration, University of Ljubljana","10.17573","11","1","12"
"Associacao Portuguesa de Psicologia","10.17575","109","22","131"
"Penerbit Universiti Kebangsaan Malaysia (UKM Press)","10.17576","523","100","623"
"ESRSA Publications Pvt. Ltd.","10.17577","71","12","83"
"MyJove Corporation","10.3791","11699","2472","14171"
"Project Euclid","10.3792","6968","6300","13268"
"Japanese Society of Anti-Aging Medicine","10.3793","217","75","292"
"Oxford Brookes University","10.3794","1560","467","2027"
"The Korean Society of Mechanical Engineers","10.3795","3167","226","3393"
"Korean Ophthalmological Society (KAMJE)","10.3341","7709","2340","10049"
"Korean Society of Otorhinolaryngology-Head and Neck Surgery","10.3342,10.21053","2901","835","3736"
"Korean Society for Laboratory Medicine (KAMJE)","10.3343","4081","1462","5543"
"Korean Pain Society (KAMJE)","10.3344","1773","417","2190"
"Korean Pediatric Society","10.3345","4079","1053","5132"
"Korean Academy of Medical Sciences (KAMJE)","10.3346","30987","12697","43684"
"Instituto de Psicoterapia Relacional (IPR)","10.21110","0","0","0"
"Universitas Darussalam Gontor","10.21111","3","0","3"
"R.W. Steen Library, SFASU","10.21112","6","1","7"
"ILIRIA International Review (IIR)","10.21113","7","0","7"
"Asociacion Espanola de Economia del Trabajo","10.21114","18","3","21"
"Jornal Brasileiro de Economia da Saude","10.21115","2","1","3"
"Intellectus Revista Academica Digital","10.21116","0","0","0"
"Revista Brasileira de Odontologia Legal","10.21117","5","0","5"
"Administracao Publica e Gestao Social","10.21118","5","0","5"
"Rede Brasileira Direito e  Literatura (RDL)","10.21119","1","0","1"
"Coastal Education and Research Foundation","10.2112","13300","9467","22767"
"Ege Akademik Bakis (Ege Academic Review)","10.21121","98","-47","51"
"Belarusian National Technical University (ID 8686)","10.21122","47","2","49"
"College of Science for Women","10.21123","5","2","7"
"Lawrence and Wishart","10.3898","1408","85","1493"
"The Journal of Rheumatology","10.3899","33940","13690","47630"
"University of Illinois Press","10.5406,10.5622","2505","303","2808"
"The Korean Society of Visualization","10.5407","41","6","47"
"MEDICRIT","10.5413","1","0","1"
"Dustri-Verlgag Dr. Karl Feistle","10.5414","26492","10934","37426"
"Science Publications","10.3844","22792","7641","30433"
"SEE","10.3845","107","30","137"
"Vilnius Gediminas Technical University (ID 2209)","10.3846,10.20334","21621","5109","26730"
"NYU Press","10.18574","5253","31","5284"
"Medical Society of the Republic of Srpska","10.18575","2","0","2"
"Natural Sciences Publishing","10.18576","484","91","575"
"FSUE All-Russian Scientific Research Institute of Aviation Materials","10.18577","65","0","65"
"Norwegian Society of Automatic Control","10.4173","1809","1155","2964"
"The Korean Surgical Society (KAMJE)","10.4174","3073","746","3819"
"Center for Applied Energy Research","10.4177","56","96","152"
"Korean Society of Epidemiology","10.4178","953","183","1136"
"New Labor Forum","10.4179","119","6","125"
"Revista Neurociencias","10.4181","38","15","53"
"Entomological Society of America (Arthropod Management Tests)","10.4182","134","19","153"
"ACTA Endocrinologica Foundation","10.4183","170","38","208"
"Korean Society of Spine Surgery (KAMJE)","10.4184","2591","997","3588"
"Revista Latina de Comunicacion Social (RLCS)","10.4185","118","-22","96"
"Golden Light Publishing","10.31462","0","0","0"
"Dil Egitimi ve Arastirmalari Dergisi (ID 16520)","10.31464","0","0","0"
"Edebi Elestiri Dergisi (ID 16528)","10.31465","0","0","0"
"Karadeniz Fen Bilimleri Dergisi (ID 16531)","10.31466","0","0","0"
"Uludag Aricilik Dergisi (ID 16530)","10.31467","1","0","1"
"Canadian Journal for Studies in Discourse Writing/Redactology","10.31468","0","0","0"
"Fundacion Universitaria ESUMER (ID 16526)","10.31469","0","0","0"
"The Japanese Society of Fish Pathology","10.3147","7939","5625","13564"
"Pereiaslav-Khmelnytskyi Hryhorii Skovoroda State Pedagogical University (ID 16527)","10.31470","0","0","0"
"Ivano-Frankivsk National Technical University of Oil and Gas","10.31471","0","0","0"
"Institute of Engineering Thermophysics of NAS of Ukraine (ID 16524)","10.31472","1","1","2"
"Leonid Pogorilyy Ukrainian Scientific Research Institute","10.31473","0","0","0"
"Donetsk National Technical University","10.31474","0","0","0"
"The Central Bank of the Russian Federation","10.31477","0","0","0"
"National Academy of Medicine (ID 16488)","10.31478","3","0","3"
"Universitas Jayabaya","10.31479","0","0","0"
"Dietitians of Canada","10.3148","2414","692","3106"
"Transpopmed","10.31480","0","0","0"
"Faculty of Military Health Sciences, University of Defence (ID 16486)","10.31482","7","7","14"
"Publishing House Sreda (ID 16438)","10.31483","0","0","0"
"Fondazione di ricerca Istituto Carlo Cattaneo","10.31484","0","0","0"
"Abdul Latif Jameel Poverty Action Lab (J-PAL)","10.31485","0","0","0"
"Science Repository OU","10.31487","0","0","0"
"MAK Periodical Library","10.31488","0","0","0"
"Men's Studies Press, LLC","10.3149","7328","1187","8515"
"Ant Publishing","10.31491","0","0","0"
"Transfer of Innovative Technologies","10.31493","0","0","0"
"Berdiansk State Pedagogical University","10.31494","0","0","0"
"Korean Association of Manual Medicine","10.31495","0","0","0"
"Journal of Natural Resources","10.31497","0","0","0"
"Pavlo Tychyna Uman State Pedagogical University","10.31499","0","0","0"
"Bernoulli Society for Mathematical Statistics and Probability","10.3150","5885","3215","9100"
"Universidade Catolica de Brasilia","10.31501","0","0","0"
"Social Science Research Institute Yonsei University","10.31502","0","0","0"
"Balai Bahasa Riau","10.31503","0","0","0"
"BPSDMP KOMINFO Surabaya","10.31504","0","0","0"
"Revista Brasiliera de Terapia Comportamental e Cognitiva (RBTCC)","10.31505","1","2","3"
"FISIP Universitas Sultan Ageng Tirtayasa","10.31506","0","0","0"
"Management Accounting Association of Korea","10.31507","0","0","0"
"Journal of Marine Research/Yale","10.1357","15896","17470","33366"
"Prous Science","10.1358","18187","18338","36525"
"i-manager Publications","10.26634","180","-8","172"
"Pasifika Medical Association","10.26635","0","0","0"
"National Institute of Telecommunications","10.26636","6","0","6"
"Malaya Journal of Matematik","10.26637","1","0","1"
"STKIP Muhammadiyah Pringsewu Lampung","10.26638","0","0","0"
"Masyarakat Sejarawan Indonesia","10.26639","0","0","0"
"Direccion General Maritima - DIMAR","10.26640","13","22","35"
"SE Dnipropetrovsk Medical Academy of Health Ministry of Ukraine","10.26641","0","0","0"
"Zhytomyr State Technological University","10.26642","0","0","0"
"Edupedia Publications","10.26643","1","0","1"
"Sapientia Publishing Group","10.26644","7","1","8"
"Petru Major University of Tirgu-Mures","10.26647","0","0","0"
"Istanbul University","10.26650","3","1","4"
"International Allelopathy Foundation","10.26651","11","5","16"
"COMSATS Institute of Information Technology","10.26652","0","0","0"
"International Association for Global Culture","10.26654","0","0","0"
"International Society of Communication and Development Between Universities (ISCDBU)","10.26655","0","0","0"
"Rynnye Lyan Resources","10.26656","10","3","13"
"Gulhane Medical Journal","10.26657","0","0","0"
"Journal of Mosaic Research","10.26658","0","0","0"
"Societatea Medicala Romana de Educatie Fizica si Sport/(SMREFS)","10.26659","0","0","0"
"Asociatia Bibliotecarilor din Romania /ABR, Romanian Library Association","10.26660","0","0","0"
"Zaporizhzhia National University","10.26661","0","0","0"
"Current Thoracic Surgery","10.26663","0","0","0"
"Revista Brasileira da Historia da Midia","10.26664","0","0","0"
"Hallym University Institute of Russian Studies","10.26665","0","0","0"
"RMP Publications","10.26666","0","0","0"
"CBE - Congresso Brasileiro de Educacao","10.26667","2","0","2"
"Conselho Nacional de Pesquisa e Pos-Graduacao em Direito - CONPEDI","10.26668","1","1","2"
"Revista de  Ciencia e Inovacao","10.26669","0","0","0"
"IFTM Campus Uberlandia Centro","10.26670","0","0","0"
"International Journal of Innovative Research and Growth","10.26671","0","0","0"
"Anatolian Bryology","10.26672","7","0","7"
"Revista Temas em Educacao e Saude","10.26673","0","0","0"
"ImpressionsPress","10.26674","0","0","0"
"Journal of Accounting and Business Education","10.26675","0","0","0"
"Orebro Univeirsty Hospital, EVTM Program","10.26676","2","0","2"
"Turk Turizm Arastirmalari Dergisi","10.26677","0","0","0"
"Associacao Brasileira de Engenharia e Ciencias Mecanicas - ABCM","10.26678","3","1","4"
"Konuralp Medical Journal","10.18521","1","1","2"
"Southern Federal University","10.18522","12","-1","11"
"National University of Kyiv - Mohyla Academy","10.18523","6","0","6"
"Odesa I.I. Mechnikov National University","10.18524","107","-50","57"
"The Korea Association of Clinical Ultrasound","10.18525","1","0","1"
"Doctrina, Ltd.","10.18527","0","0","0"
"Society of Gastrointestinal Intervention (ID 7800)","10.18528","13","6","19"
"The Korean Association of Psychoanalysis (ID 7801)","10.18529","3","0","3"
"Biztositas es Kockazat","10.18530","0","1","1"
"Studia Mundi - Economica","10.18531","0","0","0"
"Contemporary Analysis and Applied Mathematics","10.18532","29","-19","10"
"LAR Center Press","10.18533","43","6","49"
"AR-Consult, LLC","10.18534","0","0","0"
"IFIS Publishing","10.1616","259","141","400"
"Japanese Society of Human-Environment System","10.1618","230","117","347"
"Division of Functional Equations, The Mathematical Society of Japan (JST)","10.1619","621","382","1003"
"The Korean Environmental Sciences Society","10.5322","1774","-33","1741"
"Association for the Study of African American Life and History (ASALH)","10.5323","75","59","134"
"Norwegian University of Science and Technology (NTNU) Library","10.5324","437","67","504"
"Institute of Slavic Studies Polish Academy of Sciences","10.11649","16","0","16"
"The Mathematical Society of the Republic of China","10.11650","1243","2401","3644"
"Clay Minerals Society","10.1346","25963","48299","74262"
"Uitgeverij Boom","10.1347","251","45","296"
"International Press of Boston","10.4310","71767","39765","111532"
"National Speleological Society","10.4311","431","189","620"
"University of Ljubljana","10.4312","929","404","1333"
"Bentham Science Publishers Ltd.","10.2174","566255","403635","969890"
"Journal of Odor and Indoor Environment","10.15250","56","-5","51"
"Virtual Company of Physics","10.15251","2","3","5"
"EMBO (ID 79)","10.15252","22944","10303","33247"
"Rev Rene - Revista da Rede de Enfermagem de Nordeste","10.15253","88","4","92"
"CD Remedies","10.15254","3","5","8"
"Croatian Society of Chemical Engineers/HDKI","10.15255","313","267","580"
"International Social Sciences and Social Work Association (AICTS)","10.15257","8","-3","5"
"International Seed Testing Association","10.15258","2921","962","3883"
"Polish Chitin Society","10.15259","25","13","38"
"Associacao Brasileira de Criminalistica - ABC","10.15260","36","2","38"
"Japan Association of Solvent Extraction","10.15261","246","229","475"
"Korean Association of Quality Assurance for Clinical Laboratory","10.15263","33","-1","32"
"The Korean Society of Pediatric Hematology-Oncology (ID 5922)","10.15264","27","0","27"
"Korean Resource Economics Association","10.15266","22","3","25"
"The Korean Society of Elementary Science Education","10.15267","82","1","83"
"Korean Society of Integrative Medicine","10.15268","54","1","55"
"Korean Industrial Hygiene Association","10.15269","66","5","71"
"Japanese Society for Artificial Intelligence","10.1527","1157","110","1267"
"Literati Scientific and Publishers, Pvt. Limited","10.15272","54","37","91"
"Dalhousie Libraries","10.15273","28","18","46"
"Institut Agama Islam Negeri (IAIN) Bengkulu","10.15274,10.29300","468","198","666"
"Netbiblo","10.4272","127","6","133"
"MAFTREE","10.4273","39","16","55"
"Galenos Yayinevi","10.4274","2793","924","3717"
"Faculty of Engineering Diponegoro University","10.12777","65","45","110"
"Korean Dementia Association (KAMJE)","10.12779","95","9","104"
"Usak Universitesi Sosyal Bilimler Dergisi","10.12780","3","4","7"
"AI Practitioner Journal","10.12781","24","0","24"
"Japanese Society of Systematic Zoology","10.12782","169","51","220"
"DEStech Publications","10.12783","449","63","512"
"Institute of Control, Robotics and Systems","10.5302","2201","47","2248"
"The Korean Astronomical Society","10.5303","2009","-23","1986"
"Lyson Center for Civic Agriculture and Food Systems","10.5304","680","34","714"
"American Society of International Law","10.5305","771","-41","730"
"Korean Society for Agricultural Machinery","10.5307","777","178","955"
"Vrlsoft, Inc.","10.5308","1","0","1"
"The William and Mary Quarterly","10.5309","341","21","362"
"Journal of Spatial Information Science","10.5311","196","6","202"
"Universidad de la Rioja","10.18172","595","512","1107"
"Journal of Science, Hanoi National University of Education","10.18173","1","0","1"
"Wageningen UR Facilitair Bedrijf","10.18174","48","7","55"
"Esmon Publicidad, SA","10.18176","293","102","395"
"The College Music Society","10.18177","2","0","2"
"EJournal Publishing","10.18178","342","85","427"
"Universidad ECCI","10.18180","6","7","13"
"International Society for Technology in Arthroplasty","10.18181","0","0","0"
"Turkish Journal of Forestry","10.18182","5","2","7"
"Publishing House Science","10.18184","6","-1","5"
"Erzincan Universitesi Fen Bilimleri Ensitusu Dergisi","10.18185","2","1","3"
"Journal of Thermal Engineering","10.18186","60","53","113"
"Pakistan Journal of Statistics and Operation Research","10.18187","315","-12","303"
"Revista Scientia Agraria Paranaensis","10.18188","63","-1","62"
"The Legal Studies Institute of Chosun University","10.18189","0","1","1"
"Estudos Geologicos","10.18190","15","17","32"
"International Journal of Philippine Science and Technology","10.18191","12","7","19"
"University of Ottawa Library","10.18192","70","12","82"
"Diva Enterprises Private Limited","10.5958","3064","585","3649"
"Impact Journals, LLC","10.18632","85149","32399","117548"
"Japanese Society for Engineering Education","10.4307","660","14","674"
"Bogor Agricultural University","10.4308","255","169","424"
"Journal of Gambling Issues (ID 2861)","10.4309","1296","133","1429"
"Crustacean Society","10.1651","5041","2315","7356"
"EUCC - The Coastal Union","10.1652","290","344","634"
"Florida Entomological Society","10.1653","9491","2405","11896"
"Helminthological Society","10.1654","2225","483","2708"
"Herpetologists League","10.1655","5292","1630","6922"
"Humboldt Field Research Institute","10.1656","7140","1429","8569"
"AOSIS (ID 2580)","10.4102","18538","5418","23956"
"Dartmouth College Library Press","10.1349","652","8","660"
"Vathek Publishing","10.1350","2949","328","3277"
"Environmental Health Perspectives","10.1289","198984","186275","385259"
"SMC Media","10.12890","14","2","16"
"The Korean Society of Plant Taxonomists","10.11110","292","46","338"
"Korean Academy of Nursing Administration (KAMJE)","10.11111","2049","51","2100"
"Korea Institute for Structural Maintenance Inspection","10.11112","268","6","274"
"Penerbit UTM Press","10.11113","1172","111","1283"
"Redfame Publishing","10.11114","741","-9","732"
"Caspian Journal of Applied Sciences Research","10.11115","0","0","0"
"Leuven University Press","10.11116","21","0","21"
"Instituto Brasiliense de Direito Publico","10.11117","1","0","1"
"Technical University of Liberec","10.15240","212","16","228"
"National Board for Certified Counselors","10.15241","312","-12","300"
"International Institute of Engineers","10.15242","39","3","42"
"International Research Centre for the Management of Degraded and Mining Lands","10.15243","8","4","12"
"HARD Publishing Company","10.15244","765","418","1183"
"Japanese Association of Cardiovascular Intervention and Therapeutics","10.15245","1","0","1"
"Hunkar Alevilik Bektasilik Akademik Arastimalar Dergisi","10.15246","0","0","0"
"Divan Edebiyati Arastirmalari Dergisi","10.15247","1","0","1"
"The Institute of Electronics, Information and Communication Engineers","10.15248","13","1","14"
"Liverpool University Press","10.3828","13696","3436","17132"
"Asian Network for Scientific Information","10.3830","0","0","0"
"Korean Pharmacopuncture Institute","10.3831","1112","26","1138"
"Italian Society of Sivilculture and Forest Ecology (SISEF)","10.3832","2718","1001","3719"
"PharmaVentures","10.3833","0","0","0"
"Digital Science Press (Urotoday International Journal)","10.3834","94","35","129"
"Tokyo Journal of Mathematics","10.3836","1634","1436","3070"
"Institute of Social Sciences Ivo Pilar","10.5559","83","11","94"
"Verlag der Zeitschrift fuer Naturforschung","10.5560","2504","878","3382"
"Croatian Chemical Society","10.5562","706","446","1152"
"Mongolian Journals Online","10.5564","25","7","32"
"Universitat Autonoma de Barcelona","10.5565","3024","1040","4064"
"Japanese Society of Sciences in Swimming and Water Exercise","10.2479","19","3","22"
"Society of Agricultural Meteorology of Japan","10.2480","2643","1570","4213"
"Codata","10.2481","1189","319","1508"
"Koreanische Gesellschaft Fuer Deutsche Sprachwissenschaft","10.24814","0","0","0"
"LPPM Unsyiah","10.24815","1","1","2"
"Content Ed Net Taiwan Limited","10.24816","2","0","2"
"Center For Chemical & Packaging (Balai Besar Kimia & Kemasan)","10.24817","3","3","6"
"Bucharest University of Economic Studies","10.24818","18","0","18"
"NETSOL: New Trends in Social and Liberal Sciences","10.24819","0","0","0"
"Japan Lung Cancer Society","10.2482","1812","206","2018"
"ARKAT USA, Inc.","10.24820","41","44","85"
"Institut Seni Indonesia Yogyakarta","10.24821","0","0","0"
"Revista Juridica Digital UANDES","10.24822","0","0","0"
"Editora CRV","10.24824","20","4","24"
"Institute of Humanities and Social Sciences","10.25117","6","0","6"
"Associacao Brasileira de Psiquiatria","10.25118","0","0","0"
"Revista Praxis","10.25119","0","0","0"
"Japanese Society for Palliative Medicine","10.2512","122","-7","115"
"James Cook University","10.25120","26","12","38"
"Borgis, Ltd.","10.25121","0","0","0"
"Veritas et Justitia","10.25123","0","0","0"
"Telkom University","10.25124","1","0","1"
"AD Publications","10.25125","21","-5","16"
"Fakultas Ilmu Komputer Universitas Brawijaya","10.25126","5","1","6"
"Universidad Nacional Toribio Rodriguez de Mendoza","10.25127","0","0","0"
"Ternopil Volodymyr Hnatiuk National Pedagogical University","10.25128","0","0","0"
"Scire Science Pvt., Ltd.","10.25129","0","0","0"
"Tikrit University","10.25130","0","0","0"
"Geological Society of South Africa","10.25131","1","4","5"
"Asociacion Argentina de Cirugia","10.25132","0","0","0"
"Institute for Population and Social Research","10.25133","1","0","1"
"University of Kuningan","10.25134","2","0","2"
"ACG Publications","10.25135","63","7","70"
"United Association of Serbia for Quality UASQ","10.25137","2","0","2"
"Kritike: An Online Journal of Philosophy","10.25138","40","14","54"
"Dr. Soetomo University","10.25139","0","0","0"
"Methodist Theological University","10.21130","0","0","0"
"The Association of Theory and Practice of Private Law","10.21132","0","0","0"
"Universidad Miguel Hernandez de Elche","10.21134","6","2","8"
"Institute of Mathematics, Czech Academy of Sciences","10.21136","42","7","49"
"Buletin Asociacion Geografos Espanoles","10.21138","17","-8","9"
"Australian Water Association","10.21139","1","1","2"
"Japan Society of Physiological Anthropology","10.2114","5794","2296","8090"
"Marine Corps University Press","10.21140","0","0","0"
"Philippine Journal of Pathology","10.21141","1","1","2"
"Universidad Cientifica del Sur","10.21142","0","0","0"
"Jurnal Hukum dan Pembangunan","10.21143","2","0","2"
"Federal Reserve Bank of Richmond","10.21144","1","3","4"
"Remedium Privolzhie","10.21145","5","-1","4"
"Institute of Philosophy, Russian Academy of Sciences","10.21146","0","0","0"
"Chinese Journal of Cancer Research","10.21147","139","38","177"
"Instituto Nacional de Salud Publica (ID 8786)","10.21149","814","286","1100"
"Faculdade de Economia, Administracao e Contabilidade","10.5773","87","-28","59"
"A. I. Rosu Cultural Scientific Foundation (Fundatia cultural-stiintifica A. I. Rosu)","10.5775","55","14","69"
"Teachers' Training Faculty","10.5776","0","0","0"
"Editora Unicentro","10.5777","87","9","96"
"Faculty of Law, University of Tasmania","10.5778","12","2","14"
"Hypothesis Journal","10.5779","70","20","90"
"The Journal of Bioscience and Medicine","10.5780","6","2","8"
"The Korean Welding and Joining Society","10.5781","586","-28","558"
"Khazar University Press","10.5782","6","2","8"
"Revista Internacional de Relaciones Publicas","10.5783","5","1","6"
"American Roentgen Ray Society","10.2214","352991","238628","591619"
"Australian Mathematical Publishing Association, Inc.","10.21914","1005","616","1621"
"Institute of Mathematics, Academia Sinica","10.21915","0","0","0"
"Bureau of Labor Statistics","10.21916","28","11","39"
"ICT Academy","10.21917","214","77","291"
"Instituto Mexicano de Ejecutivos de Finanzas, A.C. (IMEF)","10.21919","4","2","6"
"Ursus","10.2192","2137","347","2484"
"Revista Eletronica Cientifica Ensino Interdisciplinar","10.21920","0","0","0"
"Society for Upliftment of Rural Economy (SURE)","10.21921","2","1","3"
"Scholarly Research Journals","10.21922","0","0","0"
"Muhendislik Bilimleri ve Tasarim Dergisi","10.21923","0","0","0"
"Komunitas Ilmuwan dan Profesional Muslim Indonesia (KIPMI)","10.21924","5","0","5"
"Minneapolis Heart Institute Foundation","10.21925","0","0","0"
"LIDSEN Publishing Inc","10.21926","5","-1","4"
"Alma Ata University Press","10.21927","4","0","4"
"University of Human Development","10.21928","1","0","1"
"Abanico Veterinario","10.21929","0","0","0"
"Wildlife Society","10.2193","30609","8070","38679"
"Corporacion Colombiana de Investigacion Agropecuaria (Corpoica)","10.21930","124","41","165"
"Clinical Biotec","10.21931","2","1","3"
"SACCoM - Sociedad Argentina para las Ciencias Cognitivas de la Musica","10.21932","2","-1","1"
"ENES Unidad Leon UNAM","10.21933","2","0","2"
"Fraunhofer-Institut fur Materialfluss und Logistik","10.2195","42","6","48"
"Japanese Leprosy Association","10.5025","182","98","280"
"Tokyo Geographical Society","10.5026","3323","1627","4950"
"AcademicPres (EAP) Publishing House","10.15835","610","168","778"
"Medical Publishing, d.o.o.","10.15836","42","1","43"
"Agora University of Oradea","10.15837","1537","449","1986"
"Vologda Research Center of the RAS","10.15838","5","-1","4"
"English and American Cultural Studies","10.15839","5","0","5"
"Pesticide Science Society of Japan","10.1584","5665","4720","10385"
"Society for Historical Studies of Ancient and Medieval China","10.15840","0","0","0"
"Korea Society for Philosophy East-West","10.15841","4","1","5"
"Korean Clinical Psychology Association","10.15842","986","69","1055"
"Sciencedomain International","10.9734","8274","1707","9981"
"The Surface Finishing Society of Japan","10.4139","4483","1653","6136"
"American Society of Consultant Pharmacists","10.4140","1423","609","2032"
"Japanese Association of Rural Medicine","10.2185","280","66","346"
"Korea Grammar Education Circle","10.21850","17","0","17"
"The Oral Biology Research Institute at Chosum University (ID 9629)","10.21851","25","15","40"
"Francis de Sales Scientific Society (Towarzystwo Naukowe Franciszka Salezego)","10.21852","3","0","3"
"Journal of Health Design","10.21853","1","0","1"
"Faculdad de Turismo y Gastronomia de UAEM","10.21854","6","1","7"
"Universidad Tecnologico ECOTEC","10.21855","0","0","0"
"V.Danilevsky Institute for Endocrine Pathology Problems of NAMSU","10.21856","1","0","1"
"Croatian Academy of Sciences and Arts","10.21857","4","-1","3"
"Wojewodztwo Mazowieckie","10.21858","0","0","0"
"Definitive International Institute of Life Science (DIILI Publication)","10.21859","111","22","133"
"Universidad Estatal de Milagro (UNEMI)","10.29076","0","0","0"
"Procesos: Revista Ecuatoriana de Historia","10.29078","0","0","0"
"College of Veterinary Medicine","10.29079","0","0","0"
"Fakultas Sains dan Teknologi UINSA (ID 11616)","10.29080","0","0","0"
"Vasile Alecsandri University of Bacau","10.29081","0","0","0"
"LPPM Stikes Bina Sehat PPNI Mojokerto","10.29082","0","0","0"
"Hadronic Press, Inc.","10.29083","0","0","0"
"Facet Publishing","10.29085","24","-4","20"
"University of KwaZulu-Natal","10.29086","2","-2","0"
"International Center for Intelligent Research","10.29088","0","0","0"
"Warminsko-Mazurska Izba Lekarska","10.29089","0","0","0"
"Faculty of Pharmacy, Mahidol University","10.29090","2","-1","1"
"Dr. Ludwig Reichert Verlag","10.29091","3","2","5"
"Universidad Autonoma de la Ciudad de Mexico","10.29092","7","0","7"
"Sociedad Iberica de Ictiologia","10.29094","0","0","0"
"Korean Criminological Association","10.29095","0","0","0"
"Korean Society for the Study of Elementary Education","10.29096","0","0","0"
"Fundacion Universidad de America","10.29097","0","0","0"
"Critical Romani Studies","10.29098","1","0","1"
"STMIK Dharma Wacana","10.29099","2","0","2"
"STKIP PGRI Tulungagung","10.29100","0","0","0"
"Universidad Autonoma del Estado de Mexico","10.29101","2","-1","1"
"Clinical Health Promotion Centre","10.29102","1","0","1"
"LPPM Universitas Malikussaleh","10.29103","0","0","0"
"UNESCO-IHP","10.29104","0","0","0"
"Universidad Autonoma de Nuevo Leon","10.29105","0","0","0"
"Finans Ekonomi ve Sosyal Arastirmalar Dergisi","10.29106","0","0","0"
"Polish Rhetoric Society","10.29107","0","0","0"
"Gazi Universitesi Fen Bilimleri Dergisi Part C: Tasarim ve Teknoloji","10.29109","0","0","0"
"SOYLEM Filoloji Dergisi","10.29110","0","0","0"
"Revista Uruguaya de Antorologia y Etnografia","10.29112","0","0","0"
"Technical University of Varna","10.29114","0","0","0"
"Survey Practice","10.29115","66","26","92"
"Qatar University","10.29117","0","0","0"
"Indonesian Petroleum Association","10.29118","59","26","85"
"Silesian Technical University","10.29119","0","1","1"
"Indian Journal of Psychiatric Social Work","10.29120","0","0","0"
"Granthaalayah Publications and Printers","10.29121","0","0","0"
"Badan Pengkajian dan Penerapan Teknologi (BPPT)","10.29122","1","-1","0"
"Komisi Yudisial","10.29123","0","0","0"
"Al Kut Journal of Economic and Administrative Sciences","10.29124","0","0","0"
"International Journal of Electroactive Materials","10.29125","0","0","0"
"ISAR - International Scientific and Research Journals","10.29126","0","0","0"
"Pluto Journals","10.13169","462","23","485"
"Institute of Postgraduate Studies, Syiah Kuala University","10.13170","24","3","27"
"Mediterranean Journal of Chemistry","10.13171","88","61","149"
"Open Access Publishing London","10.13172","521","245","766"
"Harrassowitz Publishing House","10.13173","22","0","22"
"Military Institute of Aviation Medicine","10.13174","3","1","4"
"Southwest Journal of Pulmonary and Critical Care","10.13175","39","17","56"
"Journal of Pattern Recognition Research","10.13176","544","87","631"
"Institute of Public Administration and Politics - Icelandic Review of Politics and Administration","10.13177","81","0","81"
"Journal of Nursing Practice Applications and Reviews of Research","10.13178","3","-2","1"
"Borderless Science Publishing","10.13179","49","26","75"
"CLAWAR Association Limited","10.13180","1","0","1"
"Faculty of Medicine, Universitas Indonesia","10.13181","240","18","258"
"Korean Society of Environmental Biology","10.11626","166","7","173"
"The Society of Korea Industrial and Systems Engineering","10.11627","69","-3","66"
"Korean Society for People, Plants, and Environment","10.11628","57","7","64"
"Korean Association for Particle and Aerosol Research","10.11629","18","11","29"
"Western Kentucky University","10.7768","99","-6","93"
"Revista de Gestae e Secretariado (GESEC)","10.7769","8","1","9"
"Universidad Catolica de Temuco","10.7770","45","11","56"
"Purdue University (bepress)","10.7771","2174","187","2361"
"SASE (Society for Sustainable Environment)","10.4029","39","-4","35"
"Japanese College of Surgeons","10.4030","357","245","602"
"Marine Technology Society","10.4031","3792","1399","5191"
"Ideas in Ecology and Evolution","10.4033","135","21","156"
"APESB (Associacao de Apoio a Pesquisa em Saude Bucal)","10.4034","494","7","501"
"Japanese Society of Farm Work Research","10.4035","201","60","261"
"Graduate School of Information Sciences, Tohoku University","10.4036","331","54","385"
"AACN Publishing","10.4037","6453","2805","9258"
"Metapress","10.1092","223","108","331"
"Medip Academy","10.18203","685","223","908"
"International Society for Simulation Surgery","10.18204","7","1","8"
"The Korean Society for Woman Psychology","10.18205","264","17","281"
"Korean Association for Political and Diplomatic History","10.18206","32","3","35"
"Korean Critical Sociological Association","10.18207","3","2","5"
"Sociedade Brasileira de Medicina de Familia e Comunidade (SBMFC)","10.5712","236","12","248"
"Asian Australasian Association of Animal Production Societies","10.5713","14772","6322","21094"
"Korean Carbon Society","10.5714","1249","1002","2251"
"Association for Natural Language Processing","10.5715","536","71","607"
"World Agroforestry Centre","10.5716","73","13","86"
"Korean Society for Exercise Nutrition","10.5717","316","112","428"
"Korea Institute of Child Care & Education","10.5718","0","0","0"
"Faculty of Geography, Bucharest University","10.5719","51","12","63"
"The Korean Society of Community Nutrition (KAMJE)","10.5720","1266","25","1291"
"Associazione Italiana di Telerilevamento","10.5721","1417","265","1682"
"Korean Association of Child Studies","10.5723","415","24","439"
"Japanese Society of Microbial Ecology","10.1264","7232","3031","10263"
"Japanese Society for Hygiene","10.1265","2624","1216","3840"
"The National Institute of Biological Resources","10.12651","121","10","131"
"Korean Society of Civil Engineers","10.12652","693","10","703"
"Korean Association of Agricultural Extension","10.12653","48","0","48"
"The Korean Society of Conservation Science for Cultural Heritage","10.12654","176","5","181"
"Korean Association for Disability and Health","10.12655","4","0","4"
"The Korean Society for Heat Treatment","10.12656","38","5","43"
"Bogucki Wydawnictwo Naukowe","10.12657","681","172","853"
"Ilmi Etudler Dernegi (ILEM)","10.12658","3","0","3"
"International Scientific Information, Inc.","10.12659","13528","4459","17987"
"Division de Ciencias Biologicas y de la Salud, UNISON","10.18633","30","10","40"
"Universidad La Gran Colombia","10.18634","5","0","5"
"Hrvatsko filolosko drustvo (Croatian Philological Society)","10.22210","0","0","0"
"Institute of Industrial Organic Chemistry (IPO)","10.22211","74","37","111"
"Journal of Economic and Public Policy","10.22212","1","-1","0"
"Kalashnikov Izhevsk State Technical University","10.22213","2","0","2"
"International Journal for Research in Applied Science and Engineering Technology (IJRASET)","10.22214","14","1","15"
"Carleton University","10.22215","157","78","235"
"Lembaga Layanan Pendidikan Tinggi - LLDIKTI -  Wilayah X","10.22216","0","0","0"
"Springer Publishing Company","10.1891","28534","9461","37995"
"David Publishing Company","10.17265","239","17","256"
"Odessa National Academy of Food Technologies (ID 6339)","10.15673","2","0","2"
"Orthopaedica, Traumatology, and Prosthetics","10.15674","12","1","13"
"A Fundacao para o Desenvolvimento de Bauru (FunDeB)","10.15675","1","2","3"
"School of Electrical Engineering and Informatics (STEI) ITB","10.15676","557","87","644"
"Africa Leather and Leather Products Institute (ALLPI)","10.15677","0","0","0"
"Uniwersytet Ekonomiczny w Krakowie - Krakow University of Economics","10.15678","125","-2","123"
"Visio Mundi Science Limited","10.15679","0","0","0"
"Ess & Ess Research Publications","10.15680,10.15662","448","42","490"
"Korean Society on Water Environment","10.15681","120","15","135"
"Korea Institute of Healthcare Architecture","10.15682","21","0","21"
"The Korean Society of Disaster Information","10.15683","52","3","55"
"FORMATH Research Group","10.15684","82","-31","51"
"Sookmyung Institute of Multicultural Studies","10.15685","123","5","128"
"Feminism and Korean Literature","10.15686","0","0","0"
"Associacao de Estudos E Pesquisas Em Politicas E Practicas Curriculares","10.15687","3","0","3"
"Volgograd State University","10.15688","31","2","33"
"Instituto Brasileiro de Avaliacao Psicologica (IBAP)","10.15689","15","3","18"
"Paediatrician Publishers LLC","10.15690","320","-12","308"
"Universidad Adolfo Ibanez","10.15691","2","0","2"
"Korean Journal of Financial Law","10.15692","1","0","1"
"Publishing House Finance and Credit","10.24891","8","0","8"
"Russian Internet Publishing House","10.24892","1","0","1"
"Andalas Journal of Public Health","10.24893","0","0","0"
"Schwabe AG","10.24894","0","1","1"
"Geospatial Information Agency of The Republic of Indonesia","10.24895","4","-2","2"
"Journal of Microbiology and Biotechnology Research","10.24896","5","2","7"
"American Research Foundation LLC","10.24897","0","0","0"
"Turk Androloji Dernegi","10.24898","0","0","0"
"Japanese Association of Rehabilitation Medicine","10.2490","981","119","1100"
"International Journal of Safety Science","10.24900","0","1","1"
"Relaciones Estudios de Historia y Sociedad","10.24901","3","0","3"
"Universidade de Evora","10.24902","1","-1","0"
"Universitas Widya Gama Mahakam","10.24903","0","0","0"
"SIGMA (Symmetry, Integrability and Geometry: Methods and Application)","10.3842","1477","-70","1407"
"Sapiens Publishing, LTD","10.3843","393","226","619"
"EMED Publishing","10.7869","344","135","479"
"Canadian Periodical for Community Studies","10.7870","2650","523","3173"
"Global Summitry Project, Munk School","10.7871","10","0","10"
"EDAA","10.7873","4124","161","4285"
"The Korean Audiological Society","10.7874","302","90","392"
"Japanese Society for Medical Virtual Reality","10.7876","11","2","13"
"Japanese Association of Sign Linguistics","10.7877","0","1","1"
"Japan Society of Sarcoidosis and Other Granulomatous Disorders","10.7878","11","9","20"
"Society of Indoor Environment Japan","10.7879","58","12","70"
"Global Business Research Center","10.7880","595","17","612"
"Showa University Dental Society","10.7881","22","9","31"
"Royal Zoological Society of New South Wales","10.7882","3405","690","4095"
"Yonetim ve Ekonomi Arastirmalari Dergisi - Journal of Management and Economics Research","10.11611","5","4","9"
"Res Philosophica","10.11612","225","3","228"
"Croatian Society for Medical Biochemistry and Laboratory Medicine (ID 4885)","10.11613","2745","1220","3965"
"Korean Society of Limnology","10.11614","110","9","119"
"Abant Izzet Baysal University Graduate School of Social Sciences","10.11616","1","3","4"
"The Agricultural Economic Society of Tohoku","10.11617","2","0","2"
"The Adhesion Society of Japan","10.11618","335","30","365"
"Japan Association for African Studies","10.11619","47","6","53"
"Revista Carreiras e Pessoas (RECAPE)","10.20503","0","0","0"
"OPUS","10.20504","2","1","3"
"Contracampo UFF","10.20505","1","0","1"
"O.I.E (World Organisation for Animal Health)","10.20506","11201","9570","20771"
"Nga Pae o te Maramatanga","10.20507","35","0","35"
"TEMPO","10.20509","2","0","2"
"UK Journal of Pharmaceutical and Biosciences","10.20510","59","44","103"
"Universidad San Ignacio de Loyola S.A.","10.20511","3","4","7"
"Korean Association for Adult and Continuing Education","10.20512","0","0","0"
"Revista de Medicina da UFC","10.20513","5","1","6"
"Synapse, LLC (ID 8422)","10.20514","2","0","2"
"Osmangazi Journal of Medicine","10.20515","1","0","1"
"The Research of the Korean Classic","10.20516","1","0","1"
"OAE Publishing Inc. (ID 8410)","10.20517","122","55","177"
"Turkish Journal of Public Health","10.20518","4","2","6"
"Divan: Disiplinlerarasi Calismalar Dergisi","10.20519","0","0","0"
"JEL-KEP","10.20520","1","-1","0"
"Kyung Hee University Management Research Institute","10.20522,10.18014","39","3","42"
"Revista Eletronica Sapere Aude","10.20523","0","0","0"
"Hellenic Society of Gastroenterology","10.20524","128","2","130"
"Society for the Study of Business and Finance- SSBFNET","10.20525","15","3","18"
"Center for Journal Management and Publication, Lambung Mangkurat University","10.20527","5","0","5"
"Tulpar Academic Publishing","10.20528","2","1","3"
"Forum for Medical Ethics Society","10.20529","29","8","37"
"Whites Science Innovation Limited","10.20530","3","0","3"
"The Forest Herbarium","10.20531","3","4","7"
"Faculty of Electrical Engineering and Computing, Univ. of Zagreb","10.20532","28","9","37"
"International Potato Center (CIP)","10.4160","48","-1","47"
"Uopen Journals (ID 7696)","10.18352","3226","939","4165"
"Carcinological Society of Japan","10.18353","271","284","555"
"Ege Strategic Research Journal","10.18354","2","2","4"
"Slovenska Vzdelavacia a Obstaravacia s.r.o.","10.18355","13","-2","11"
"The University of Iowa","10.17077","244","43","287"
"Korean Gerontological Nursing Society","10.17079","96","0","96"
"Tropical Journal of Fisheries and Aquatic Sciences","10.17080","30","4","34"
"Universidad Simon Bolivar","10.17081","7","1","8"
"Queensland Museum","10.17082","17","1","18"
"Serious Games Society","10.17083","165","25","190"
"America Latina en la Historia Economica","10.18232","60","15","75"
"Acta Pediatrica de Mexico","10.18233","16","8","24"
"Instituto de Investigaciones Dr. Jose Maria Luis Mora","10.18234","38","6","44"
"Felipe Herrera Library (Inter-American Development Bank)","10.18235","91","5","96"
"E-Conservation Journal - University of Evora","10.18236","7","0","7"
"Korean-German Academy of Economics and Management","10.18237","2","0","2"
"Institute of Japanese Studies, Hallym University","10.18238","0","0","0"
"Universidad Castilla la Mancha","10.18239","14","2","16"
"Press of International Journal of Ophthalmology (IJO Press)","10.18240","90","-2","88"
"M&W Comunicacao Integrada Ltda - ME","10.18241","2","0","2"
"International Society for Managing and Technical Editors (ISMTE)","10.18243","3","0","3"
"International Journal of Automotive Engineering and Technologies","10.18245","4","11","15"
"Revista EducaOnline","10.18247","2","0","2"
"Revista de Educomunicacao Ambiental","10.18248","0","0","0"
"Revista Hipertexto","10.18249","0","0","0"
"Revista de Ensino de Ciencias e Engenharia","10.18250","0","0","0"
"Eastern University","10.18251","217","9","226"
"Aurora Publishing LLC (UK) Limited","10.18252","0","0","0"
"The Institute of Korean Arts Therapy","10.18253","1","0","1"
"I-PC, LLC","10.18254","4","0","4"
"P.G. Demidov Yaroslavl State University","10.18255","65","5","70"
"Complexo de Ensino Superior Meridional S.A.","10.18256","57","-16","41"
"ACCEFYN - Academia Colombiana de Ciencias Exactas, Fisicas y Naturales","10.18257","83","25","108"
"Experiment","10.18258","1","0","1"
"Universidad Continental","10.18259","4","3","7"
"American Society for Engineering Education","10.18260","698","-10","688"
"University of Bialystok","10.15290","74","10","84"
"University of Zadar","10.15291","28","22","50"
"Faculty of Civil and Geodetic  Engineering","10.15292","120","30","150"
"Novosibirsk State Pedagogical University","10.15293","9","0","9"
"Department of Drama, Dance and Music, Semarang State University","10.15294","61","-26","35"
"Business and Management Studies: An International Journal","10.15295","1","0","1"
"International Journal of Women's Health","10.15296","79","26","105"
"ScienceQ Publishing Group","10.15297","1","0","1"
"KMK Scientific Press","10.15298","2994","-39","2955"
"Institute for Operations Research and the Management Sciences (INFORMS)","10.1287","771072","416111","1187183"
"American Accounting Association (ID 1112)","10.2308","80065","31044","111109"
"Japanese Society of Veterinary Clinics","10.4190","33","6","39"
"Korean Ceramic Society","10.4191","2017","851","2868"
"The International Journal of Digital Accounting Research","10.4192","267","25","292"
"Rhinology","10.4193","263","-3","260"
"Central Fisheries Research Institute","10.4194","921","233","1154"
"The Korean Physiological Society and The Korean Society of Pharmacology (KAMJE)","10.4196","2863","1182","4045"
"King Abdulaziz University Scientific Publishing Centre","10.4197","1247","228","1475"
"Morgan & Claypool Publishers LLC (ID 1015)","10.4199,10.2200","6157","747","6904"
"Cureus, Inc.","10.7759","450","-23","427"
"Instituto Juan de Herrera","10.7760","0","0","0"
"Zeta Books","10.7761","187","10","197"
"Korean Society of Clinical Nutrition (KAMJE)","10.7762","407","131","538"
"IACSIT Press","10.7763","10992","2102","13094"
"Korean Society of Clinical Oncology","10.14216","57","1","58"
"Future Medicine Ltd (ID 1057)","10.2217","127795","57978","185773"
"Pacific University Library","10.7710","373","63","436"
"Fondazione Eni Enrico Mattei (FEEM)","10.7711","11","0","11"
"ECCOMAS","10.7712","228","161","389"
"Indian Journal of Medical Specialties","10.7713","23","25","48"
"Advanced Electromagnetics","10.7716","226","31","257"
"Japanese Society of Stomatognathic Function","10.7144","215","85","300"
"Aarhus University Library","10.7146,10.18291","9136","7029","16165"
"Western Japan Division of JDA","10.2336","4371","141","4512"
"Biological Survey Foundation","10.3752","77","2","79"
"The Japanese Society of Lumbar Spine Disorders","10.3753","88","1","89"
"Princeton Theological Seminary Library","10.3754","0","0","0"
"Japanese Coral Reef Society","10.3755","701","192","893"
"Society for Art and Science","10.3756","129","16","145"
"Japan Society of Equilibrium Research","10.3757","799","169","968"
"Translational Neuroscience and Clinics","10.18679","13","4","17"
"Hellenic Semiotic Society","10.18680","4","0","4"
"Pakistan Society of Nematologists","10.18681","5","1","6"
"Fundacion Universidad de Palermo","10.18682","32","4","36"
"Biotecnologia en el Sector Agropecuario y Agroindustrial","10.18684","6","0","6"
"E3 Journals Ltd.","10.18685","2","0","2"
"Universe Scientific Publishing Pte. Ltd.","10.18686","10","1","11"
"LACCEI (Latin American and Caribbean Consortium of Engineering Institutions)","10.18687","17","1","18"
"Saint Petersburg State University","10.18688,10.21638","17","1","18"
"Madridge Publishers, LLC","10.18689","1","0","1"
"Universtiy of Maribor","10.18690","6","2","8"
"Kultur ve Iletisim - Culture &Communication","10.18691","0","0","0"
"LLC Polyforum Group","10.18692","6","-3","3"
"The Korean Society of Beauty and Art","10.18693","7","0","7"
"Korea Philosophical Association","10.18694","0","0","0"
"Reunir Revista de Administracao, Contabilidade e Sustentabilidade","10.18696","2","0","2"
"African Journal of Food, Agriculture, Nutrition and Development","10.18697","50","25","75"
"Saxion","10.14261","1","0","1"
"Association of Jewish Libraries","10.14263","9","3","12"
"University of Queensland Library","10.14264","159","62","221"
"Petrotex Publication Group","10.14266","1","1","2"
"Corvinus University of Budapest","10.14267","27","-3","24"
"ACTA Editora","10.14268","1","1","2"
"Journal of Animal Behaviour and Biometeorology","10.14269","53","7","60"
"Diagnosis Engineering Technology, LLP, Japan","10.14270","1","1","2"
"Gesellschaft Anthroposophischer Arzte in Deutschland (GAAD)","10.14271","32","0","32"
"Czech Geological Survey","10.3140","1205","948","2153"
"Balkan, Black sea and Caspian sea Regional Network for Space Weather Studies","10.31401","0","0","0"
"Sociedad Peruana de Obstetricia y Ginecologia","10.31403","0","0","0"
"Ukrainian Association of Infection Control and Antimicrobial Resistance","10.31405","0","0","0"
"Asocicacion Latinoamericana de Poblacion","10.31406","0","0","0"
"IJEES","10.31407","0","0","0"
"Tae Dong Institute of Classic Research","10.31408","0","0","0"
"Transportation Research Board","10.3141","76643","38163","114806"
"Jaypee Brothers Medical Publishing","10.5005","4086","928","5014"
"Editorial Committee of Japanese Journal of Infectious Diseases, National Institute of Infectious Dis","10.7883","6543","3933","10476"
"Turkce Edebiyat Kultur Egitim (TEKE) Dergisi","10.7884","4","0","4"
"bepress","10.7885","21","1","22"
"Hokkaido Geographical Society","10.7886","12","12","24"
"Japanese Circulation Society","10.1253","61737","39915","101652"
"The Ecological Society of Korea","10.5141","1063","174","1237"
"The Korean Society of Ginseng","10.5142","2515","2064","4579"
"The Ergonomics Society of Korea","10.5143","1014","28","1042"
"King Faisal Specialist Hospital and Research Centre","10.5144","4331","2677","7008"
"The Korean Society of Clinical Microbiology (KAMJE)","10.5145","387","44","431"
"Federation of Turkish Pathology Societies","10.5146","151","14","165"
"Atlas Publishing, LP","10.5147","154","37","191"
"Ottawa United Learning Academy","10.5148","11","10","21"
"University of North Carolina Press (publisher)","10.5149","4438","-57","4381"
"Entomological Society of Southern Africa","10.4001","1472","400","1872"
"Institute of Malacology","10.4002","1070","253","1323"
"American Malacological Society","10.4003","1186","302","1488"
"The Japanese Forest Society","10.4005","693","200","893"
"Physics Essays Publication","10.4006","1015","319","1334"
"Annals of Mathematics, Princeton U","10.4007","14180","5607","19787"
"Princeton University Press","10.23943","76","19","95"
"Special Education and Rehabilitation Science Research Center","10.23944","5","-2","3"
"Korean Silhak Society","10.23945","1","0","1"
"Kemerovo State Medical University","10.23946","1","0","1"
"FSFEI HE Don State Technical University (ID 10035)","10.23947","6","-1","5"
"The Korean Society of Health and Welfare","10.23948","19","5","24"
"Korean Alliance for Health, Physical Education, Recreation, and Dance","10.23949","52","-4","48"
"JSC National Scientific Medical Research Center (ID 10031)","10.23950","3","-2","1"
"Tomsk State Pedagogical University","10.23951","1","0","1"
"Mathematical Research Press","10.23952","8","0","8"
"Cloud Publications","10.23953","111","9","120"
"Open Science Journal","10.23954","3","0","3"
"Chemical Engineering Department, Syiah Kuala University","10.23955","3","0","3"
"Advance Academic Publisher","10.23956","25","0","25"
"International Scientific Invention Journals","10.23958","0","0","0"
"Scientific Federation","10.23959","1","0","1"
"LPPM Universitas Lampung","10.23960","3","0","3"
"Federacion Latinoamericana de Sociedades Científicas de Estudiantes de Medicina (FELSOCEM)","10.23961","0","2","2"
"Wits School of Literature, Language and Media (SLLM)","10.23962","1","1","2"
"Colloquium - New Philologies","10.23963","0","0","0"
"Research Consultants and Publisher","10.23964","1","0","1"
"Early Childhood Australia","10.23965","12","1","13"
"Scipedia, S.L.","10.23967","1","1","2"
"Saint Petersburg State University of Architecture and Civil Engineering (SPSUACE)","10.23968","4","0","4"
"Universitas Pasundan","10.23969","0","0","0"
"Agency for Healthcare Research and Quality","10.23970","53","7","60"
"IAIN Palangka Raya","10.23971","0","0","0"
"PGDesign / Universidade Federal do Rio Grande do Sul","10.23972","6","1","7"
"Associacao Brasileira de Medicina Preventia e Administracao em Saude  - ABRAMPAS","10.23973","0","0","0"
"International Journal of Librarianship","10.23974","1","0","1"
"Basrah Journal of Veterinary Research","10.23975","0","0","0"
"Middle East Institute Singapore","10.23976","2","1","3"
"Clausius Scientific Press, Inc.","10.23977","4","0","4"
"Informaatiotutkimus","10.23978","0","0","0"
"Finnish Yearbook of Population Research","10.23979","5","0","5"
"SQS-lehti","10.23980","0","0","0"
"Virittaja","10.23982","0","1","1"
"Media & viestinta","10.23983","6","0","6"
"Trace - Finnish Journal for Human-Animal Studies","10.23984","0","0","0"
"Etnomusikologian vuosikirja","10.23985","0","0","0"
"Agricultural and Food Science","10.23986","69","47","116"
"The National Academies Press","10.17226","3072","398","3470"
"Universidad Pedagogica Nacional","10.17227","74","5","79"
"Gemological Institute of America","10.5741","2347","780","3127"
"Medi + World International","10.5742","98","23","121"
"The American University in Cairo Press","10.5743","392","-2","390"
"University Press of Florida","10.5744","1730","21","1751"
"IDP Education Cambodia, Ltd.","10.5746","99","14","113"
"Associacao Prudentina de Educacao e Cultura (APEC)","10.5747","138","-27","111"
"Asia Pacific Association of Allergy, Asthma, and Clinical Immunology (KAMJE)","10.5415","1283","374","1657"
"The Japan Institute of Power Electronics","10.5416","63","4","67"
"ANPEGE - Revista","10.5418","89","-59","30"
"Brazilian Journal of Petroleum and Gas","10.5419","184","-22","162"
"University of Central Lancashire","10.5420","18","6","24"
"Soil Science Society of America","10.2136","184601","201514","386115"
"Coimbra University Press","10.14195","691","121","812"
"Sjournals","10.14196","16","2","18"
"Alliance Against Traffic in Women Foundation","10.14197","32","-6","26"
"Universidad de Alicante Servicio de Publicaciones","10.14198","1189","220","1409"
"Society for Endocrinology","10.1677","134094","187781","321875"
"Society of Rheology Japan","10.1678","1917","768","2685"
"World Health Organization, Western Pacific Regional Office","10.5365","493","173","666"
"Malaysian Palm Oil Council","10.5366","24","11","35"
"Dentaquest","10.5368","35","11","46"
"The Korean Sensors Society","10.5369","499","27","526"
"The Korean Association of Asian Studies","10.21740","1","0","1"
"Materials Research Forum, LLC","10.21741","29","10","39"
"Global Vision School Publication","10.21742","49","5","54"
"Zhejiang University Press","10.1631","20133","9603","29736"
"Modern Language Association (MLA)","10.1632","4205","200","4405"
"KKMed Publications","10.5959","108","40","148"
"Deutsche Zeitschrift Fur Sportmedizin/German Journal of Sports Medicine","10.5960","165","31","196"
"Zonguldak Karaelmas University","10.5961","37","15","52"
"AIBR - Asociacion de Antropologos Iberoamericanos en Red","10.11156","142","-4","138"
"University of Otago Library","10.11157","347","31","378"
"Systematic and Applied Acarology Society","10.11158","1430","313","1743"
"Avestia Publishing","10.11159","131","27","158"
"The Korea Association for Local Government and Administration Studies","10.18398","112","29","141"
"Academia Koreana","10.18399","72","2","74"
"Teknik Dergi","10.18400","2","0","2"
"Korean Counseling Association","10.18401","69","7","76"
"Resources Science","10.18402","8","-1","7"
"E-Makalat Mezhep Arastirmalari Dergisi","10.18403","0","0","0"
"International Journal of Education in Mathematics, Science and Technology","10.18404","72","5","77"
"Revista Evidenciacao Contabil & Financas","10.18405","38","-27","11"
"IFSULDEMINAS (Instituto Federal do Sul de Minas)","10.18406","18","-1","17"
"Fundacao Centro Tecnologico de Juiz de Fora (FCT)","10.18407","7","1","8"
"Australian Housing and Urban Research Institute (AHURI)","10.18408","21","0","21"
"Paul V. Galvin Library/Illinois Institute of Technology","10.18409","55","29","84"
"Level Up Business Center","10.18410","81","34","115"
"Private Enterprise, Vladislav Ivanov","10.18411","6","12","18"
"Cliodynamics: The Journal of Quantative History and Cultural Evolution","10.21237","7","0","7"
"Archives of Health Investigation","10.21270","1","0","1"
"Salahaddin University - Erbil","10.21271","1","0","1"
"Wayne State University Press","10.13110","381","91","472"
"INCAS - National Institute for Aerospace Research Elie Carafoli","10.13111","112","56","168"
"Croatian Medical Association","10.13112,10.26800","7","0","7"
"Cedrus","10.13113","6","1","7"
"Mediterranean Journal of Humanities","10.13114","67","-55","12"
"Revista Dialogos","10.13115","2","0","2"
"Arachology","10.13156","218","51","269"
"Ardeola","10.13157","525","63","588"
"Herzogia","10.13158","781","23","804"
"Siirt Universitesi Sosyal Bilimler Enstitusu Dergisi","10.13159","0","0","0"
"The Research Institute of Chosun Natural Science","10.13160","125","4","129"
"Korean Institute of Building Information Modeling","10.13161","16","1","17"
"Health Reform Observer - Observatoire des Reformes de Sante","10.13162","14","0","14"
"Proceedings of Science Open Reviewed","10.13163","0","0","0"
"Brno University of Technology","10.13164","449","91","540"
"Mykolas Romeris University","10.13165","104","10","114"
"Wyzsza Szkola Gospodarki Euroregionalnej im. Alcide de Gasperi w Jozefowie","10.13166","0","0","0"
"Faculty of Civil Engineering Osijek","10.13167","13","1","14"
"Institute of Rock Structure and Mechanics, AS CR","10.13168","329","103","432"
"Kalvis","10.18412","38","8","46"
"Belgorod National Research University","10.18413","4","0","4"
"Kozgazdasagi Szemle","10.18414","32","1","33"
"International Journal of Multicultural and Multireligious Understanding (IJMMU)","10.18415","5","-1","4"
"Celal Bayar University Journal of Science","10.18466","10","5","15"
"Universidade Federal do Amapa","10.18468","2","-1","1"
"Povolzhskiy State University of Telecommunications and Informatics","10.18469","5","0","5"
"Institute of Applied Ecology (ID 7745)","10.18470","7","0","7"
"Revista Baiana de Enfermagem","10.18471","16","-3","13"
"Editora de Livros IABS","10.18472","8","2","10"
"Lepidopterists' Society","10.18473","258","17","275"
"Georgia Entomological Society","10.18474","1360","574","1934"
"Radiological Society of North America (RSNA)","10.1148","703297","494749","1198046"
"Oto-Rhino-Laryngological Society of Japan, Inc.","10.3950","2423","826","3249"
"International Journal of Geomate","10.21660","106","-7","99"
"TSNS Interaktiv Plus, LLC","10.21661","7","-1","6"
"Science and Engineering Research Support Society","10.14257","6949","1004","7953"
"ESG","10.20964","1001","834","1835"
"Fuji Technology Press Ltd.","10.20965","9571","2095","11666"
"Polish Society of Child Neurologists","10.20966","0","0","0"
"Science and Knowledge Research Society","10.20967","31","4","35"
"Dinamia'cet-IUL","10.7749","32","4","36"
"Dundee Science Press","10.7750","47","13","60"
"Royal Botanical Gardens and Domain Trust","10.7751","1568","318","1886"
"Physical Education and Sport Faculty","10.7752","54","-6","48"
"Association of Technology and Science","10.7753","175","13","188"
"Clinical Laboratory Publications","10.7754","1018","482","1500"
"NMFS Publications Office","10.7755","453","145","598"
"AMS Press, Inc.","10.7756","31","39","70"
"Perspectives of New Music","10.7757","24","1","25"
"Russell Sage Foundation","10.7758","145","17","162"
"Thomas Telford Ltd. (ID 735)","10.1680","139218","71135","210353"
"Plekhanov Russian University of Economics (PRUE) (ID 9145)","10.21686","11","0","11"
"IBMP RAS","10.21687","1","0","1"
"Institute of Circulation Pathology","10.21688","7","4","11"
"Doctormedia","10.21689","2","0","2"
"Ivanovo State University of Chemistry and Technology","10.6060","870","368","1238"
"Fundacao Faculdade de Medicina (ID 4092)","10.6061","3914","1526","5440"
"PACIS - Panamerican Association for Computational Interdisciplinary Sciences","10.6062","63","3","66"
"Desafio Singular, Lda","10.6063","219","42","261"
"Korean Society of Pediatric Endocrinology","10.6065","582","217","799"
"Department of Food Science, Bogor Agricultural Food Science","10.6066","45","3","48"
"Korean Council of Science Editors","10.6087","247","3","250"
"Integrated Publishing Association","10.6088","184","-48","136"
"The Japan Society for Composite Materials","10.6089","578","279","857"
"Japan International Research Center for Agricultural Sciences","10.6090","2333","909","3242"
"Korean Institute of Construction Engineering and Management","10.6106","693","32","725"
"The Korean Housing Association","10.6107","367","17","384"
"The Korean Society of Propulsion Engineers","10.6108","228","7","235"
"Society for Industrial & Applied Mathematics (SIAM)","10.1137","760878","400290","1161168"
"Japanese Society for Horticultural Science","10.2503","8387","7009","15396"
"Nederlandse Commissie voor Stralingsdosimetrie (NCS)","10.25030","0","6","6"
"Illiesia, International Journal for Stonefly Research","10.25031","2","0","2"
"Claves Revista de Historia","10.25032","0","0","0"
"Signum","10.25033","0","0","0"
"Journal of Contemporary Urban Affairs (JCUA)","10.25034","2","0","2"
"Bowling Green State University Libraries","10.25035","89","7","96"
"Performance Health Academy","10.25036","0","0","0"
"FKIP The University of Jember","10.25037","0","0","0"
"AM Journal of Art and Media Studies","10.25038","0","0","0"
"International Commission on Illumination","10.25039","1","0","1"
"Kyushu Dental Society","10.2504","58","61","119"
"Architectural Institute of Korea","10.5659","182","40","222"
"The Korean Society of Weed Science","10.5660","504","22","526"
"Aboriginal Policy Studies","10.5663","26","4","30"
"American Academy of Sleep Medicine (AASM)","10.5664","2219","668","2887"
"Associated Professional Sleep Societies (APSS)","10.5665","11500","9380","20880"
"Department of Mathematics, Kyungpook National University","10.5666","504","86","590"
"Association of Genuine Traditional Korean Medicine","10.5667","35","20","55"
"Korean Society of Environmental Health","10.5668","368","16","384"
"The Oceanography Society","10.5670","15988","8650","24638"
"Croatian Anthropological Society","10.5671","58","4","62"
"Institut d'Educacio Fisica de Catalunya (INEFC)","10.5672","40","1","41"
"Institute for Social Research Zagreb","10.5673","9","4","13"
"Japanese Society for Physiological Psychology and Psychophysiology","10.5674","176","54","230"
"The Japanese Society of Plant Morphology","10.5685","98","20","118"
"Japanese Society of Zoo and Wildlife Medicine","10.5686","42","13","55"
"The Institute of Systems, Control and Information Engineers","10.5687","1427","196","1623"
"The Journal of International Social Research","10.17719","32","4","36"
"Innovative Medical Technologies Development Foundation","10.17720","0","0","0"
"Taras Shevchenko National University of Kyiv (ID 7257)","10.17721","106","8","114"
"Techmind Research Society","10.17722","88","14","102"
"Society of American Archivists","10.17723","3271","275","3546"
"Editorial Board of Journal Radioelectronics, Nanosystems, Information Technology RENSIT","10.17725","3","2","5"
"Pyatigorsk State Linguistic University","10.17726","0","0","0"
"KIMS Foundation and Research Center","10.17727","4","0","4"
"Indonesian Food Technologists","10.17728","6","1","7"
"Instytut Spawalnictwa","10.17729","11","-3","8"
"Society for Applied Anthropology","10.17730","18804","4117","22921"
"American Association for Clinical Chemistry (AACC)","10.1373","82844","58957","141801"
"Health Affairs (Project Hope) (ID 102)","10.1377","102241","34995","137236"
"The NCHERM Group, LLC","10.17732","6","2","8"
"AEQUA & SEG","10.17735","11","10","21"
"International Society of Offshore and Polar Engineers","10.17736","73","62","135"
"Future Energy Service and Publishing","10.17737","32","16","48"
"Austrian Geological Society (OGG)","10.17738","27","9","36"
"Eurasian Academy of Sciences","10.17740","2","0","2"
"The Geological Society of Finland","10.17741","377","955","1332"
"Imaginations: Journal of Cross-Cultural Image Studies","10.17742","2","0","2"
"Audio Engineering Society","10.17743","291","20","311"
"American Mental Health Counselors Association","10.17744","2671","251","2922"
"Bumhan Philosophical Society","10.17745","0","0","0"
"Institute of Archaeology and Ethnography SB RAS","10.17746","18","8","26"
"Real Economy Publishing","10.17747","4","0","4"
"Historical and Social Educational Ideas (ID 7150)","10.17748","8","1","9"
"IRBIS","10.17749","16","-3","13"
"Kazan Medical Journal","10.17750","29","5","34"
"Daegu Historical Association","10.17751","0","0","0"
"Journal of Security Strategies","10.17752","0","0","0"
"Ekev Akademi Dergisi","10.17753","0","0","0"
"Modern Studies in English","10.17754","2","0","2"
"Electronic Journal of Social Sciences","10.17755","7","0","7"
"United Scientific Group","10.17756","47","28","75"
"West-Japanese Society of Orthopedics & Traumatology","10.5035","272","85","357"
"Department of Mathematics, Faculty of Science","10.5036","147","85","232"
"Stilus Optimus","10.5037","382","110","492"
"University of South Florida Libraries","10.5038","5800","2698","8498"
"Cornell University Press","10.7591","3693","42","3735"
"Peertechz Publications Private Limited","10.17352","120","50","170"
"All-Russia Petroleum Research Exploration Institute (VNIGRI)","10.17353","8","3","11"
"IJSS Group of Journals","10.17354","0","0","0"
"Regio","10.17355","2","0","2"
"Intersections","10.17356","34","1","35"
"Graduate Program of Management and Business, Bogor Agricultural University","10.17358","2","1","3"
"Guven Plus Grup Danismanlik, A.S.","10.17359,10.17360,10.17361,10.17362,10.17363,10.17364,10.17365,10.17366,10.17367,10.17368,10.17369,10.17370,10.17371,10.17372,10.17373","11","5","16"
"Kulttuuripoliittisen tutkimuksen vuosikirja","10.17409","0","0","0"
"SoftPower","10.17450","0","0","0"
"Associazione Laureati/E In Lingue All","10.17456","0","0","0"
"Artvin Coruh Universitesi Orman Fakultesi Dergisi","10.17474","0","1","1"
"Kastamonu University Journal of Forestry Faculty","10.17475","9","1","10"
"Korean Society for Metabolic and Bariatric Surgery","10.17476","2","0","2"
"World Association for Triple Helix and Future Strategy Studies","10.17477","238","83","321"
"Journal for Educating Gifted Young Scientists (JEGYS)","10.17478","9","4","13"
"Korean Society of Acute Care Surgery (ID 7035)","10.17479","5","2","7"
"The Pharmaceutical Society of Korea","10.17480","11","-1","10"
"Uludag University Journal of the Faculty of Engineering","10.17482","19","-1","18"
"Canadian Association of Schools of Nursing","10.17483","24","-15","9"
"YEDI: Journal of Art, Design and Science","10.17484","1","0","1"
"Indian Society for Education and Environment","10.17485","2444","389","2833"
"Uniwersytet Jagiellonski - Wydawnictwo Uniwersytetu Jagiellonskiego","10.4467","14","2","16"
"Universita degli Studi di Milano-Bicocca Symphonya Emerging Issues in Management","10.4468","768","-270","498"
"The Korean Society of Mycology","10.4489","2678","559","3237"
"The Korean Society of Phycology","10.4490","2260","674","2934"
"Korean Society of Environmental Engineering","10.4491","1723","892","2615"
"The Japanese Psychological Association","10.4992","4152","1859","6011"
"Compuscript, Ltd. (ID 5858)","10.15212","58","11","69"
"University of Seville","10.15213","3","0","3"
"The Japanese Society of Oral Diagnosis/Oral Medicine","10.15214","2","3","5"
"KNORUS","10.15216","4","0","4"
"Central Collector of Libraries BIBCOM","10.15217","18","8","26"
"Hawler Medical University","10.15218","20","4","24"
"Foundation for the Promotion and Accreditation of Economic Education","10.15219","13","2","15"
"Universite du Quebec a Chicoutimi","10.1522","1689","76","1765"
"AME Publishing Company","10.21037","6425","2533","8958"
"Kent State University","10.21038","58","3","61"
"Winchester University Press","10.21039","2","-1","1"
"Monash University","10.2104","857","29","886"
"Endocrine Oncology and Metabolism","10.21040","3","-1","2"
"Revista ALCONPAT","10.21041","17","7","24"
"UP4 Institute of Sciences, S.L.","10.21042","299","66","365"
"State Islamic College of Kudus","10.21043","2","0","2"
"Japan Society for Lactic Acid Bacteria","10.4109","90","35","125"
"The Korean Association of Immunobiologists (KAMJE)","10.4110","2184","882","3066"
"The Korean Urological Association (KAMJE)","10.4111","4989","2065","7054"
"Austrian Veterinary Society","10.4112","0","0","0"
"IBERAMIA: Sociedad Iberoamericana de Inteligencia Artificial","10.4114","122","17","139"
"Journal of Logic and Analysis","10.4115","34","4","38"
"Japan Association for Quaternary Research","10.4116","2563","2669","5232"
"Department of Sport Management, University of Peloponnese","10.4127","107","10","117"
"Business Expert Press","10.4128","211","0","211"
"Accademia Italiana di Scienze Forestali","10.4129","212","54","266"
"Asian Electric Vehicle Society","10.4130","485","98","583"
"The Japan Society of High Pressure Science and Technology","10.4131","1260","657","1917"
"The Korean Society of Pathologists and The Korean Society for Cytopathology","10.4132","2003","490","2493"
"Webmed Limited","10.9754","48","5","53"
"Faculty of Food and Agriculture, United Arab Emirates University","10.9755","1568","251","1819"
"Bonfring","10.9756","133","30","163"
"Rudecolombia","10.9757","2","0","2"
"Korean College of Neuropsychopharmacology (ID 4713)","10.9758","1137","508","1645"
"Japan Society of Health Promotion and Physical Therapy","10.9759","16","6","22"
"Journal of Academic Social Science Studies","10.9761","23","7","30"
"Japanese Society for Sensory Evaluation","10.9763","26","4","30"
"The Japan Society of Competitive Intelligence","10.9764","0","0","0"
"Korean Society of Coastal and Ocean Engineers","10.9765","404","25","429"
"The Korea Institute of Military Science and Technology","10.9766","132","7","139"
"Bulletin of Chemical Reaction Engineering and Catalysis","10.9767","236","193","429"
"IMDA Press","10.9768","42","15","57"
"Energy Psychology Press","10.9769","53","42","95"
"Japan Poultry Science Association","10.2141","3873","1499","5372"
"Biophysical Society of Japan","10.2142","861","472","1333"
"Mathematical Society of Japan (Project Euclid)","10.2969","8709","9286","17995"
"Current Biodata","10.2970","0","0","0"
"European Optical Society","10.2971","1780","1357","3137"
"American School of Classical Studies at Athens (ASCSA)","10.2972","581","138","719"
"International Ocean Discovery Program (IODP)","10.2973,10.14379,10.2204","12421","7473","19894"
"Faculdade Aldete Maria Alves","10.29031","0","0","0"
"Scholar Publications","10.29032","0","0","0"
"Universidad Tecnica de Ambato","10.29033","0","0","0"
"Universidad Catolica del Maule","10.29035","0","0","0"
"University College of Business in Prague","10.29036","0","0","0"
"UGM Press","10.29037","25","10","35"
"Lesya Ukrainka Eastern European National University","10.29038","1","0","1"
"RIOR Publishing Center (ID 11574)","10.29039","0","0","0"
"STIE AAS Surakarta","10.29040","0","0","0"
"Micropaleontology Press","10.29041","0","1","1"
"BioAxis DNA Research Centre","10.29042","0","0","0"
"Centro de Estudios Superiores de Mexico y Centroamerica (CESMECA)","10.29043","17","1","18"
"International Journal of Transacional Analysis Research and Practice","10.29044","3","0","3"
"Class Publishing","10.29045","4","1","5"
"Thomas Jefferson University","10.29046","12","5","17"
"Instituto Colombiano del Petroleo","10.29047","8","14","22"
"Mehmet Akif Ersoy Universitesi Fen Bilimleri Enstitusu Dergisi","10.29048","0","0","0"
"The Research Journal of the Costume Culture","10.29049","71","0","71"
"Harran Tarim ve Gida Dergisi","10.29050","1","1","2"
"Revista EntreLinguas","10.29051","0","0","0"
"Advance Educational Institute and Research Center","10.29052","2","0","2"
"Pretoria University Law Press","10.29053","0","0","0"
"Vice Chancellor Faisalabad Medical University","10.29054","0","0","0"
"Journal of Chemistry and Chemical Sciences","10.29055","0","0","0"
"Next-Generation Convergence Information Service Technology Society","10.29056","1","0","1"
"Universidad Autonoma del Estado de Hidalgo","10.29057","0","0","0"
"Medical Journal of Western Black Sea","10.29058","0","0","0"
"Universidad Autonoma de Tamaulipas","10.29059","10","1","11"
"Yong Loo Lin School of Medicine","10.29060","8","0","8"
"JERAM : Journal of Education Research in Administration and Management","10.29061","0","0","0"
"STIE Mahardika","10.29062","0","0","0"
"African Journal of Reproductive Health (AJRH)","10.29063","45","-28","17"
"International Journal of Management and Administration","10.29064","0","0","0"
"Usak Universitesi Egitim Arastirmalari Dergisi","10.29065","0","0","0"
"RENOVA - Revista Brasileira de Ciencia, Conhecimento e Inovacao","10.29066","0","0","0"
"Muhasebe ve Vergi Uygulamalari Dergisi","10.29067","0","0","0"
"ForScience: Revista Cientifica do IFMG","10.29069","1","0","1"
"Ignited Minds Pvt. Ltd.","10.29070","0","0","0"
"Basrah Journal of Science","10.29072","0","0","0"
"Ponteditora","10.29073","0","0","0"
"Philadelphia Museum of Art","10.29075","0","0","0"
"The Korean Society for Moral and Ethics Education","10.18338","6","0","6"
"Korean Women's Institute, Ewha Womans University","10.18341","10","1","11"
"JIPI, Lembaga Penelitian dan Pengabdian kepada Masyarakat","10.18343","10","1","11"
"Institute for International Studies in Education","10.18344","1","0","1"
"Turkiyat Mecmuasi","10.18345","0","0","0"
"Institute of History and Culture Hankuk University of Foreign Studies","10.18347","0","0","0"
"Opuscula Zoologica","10.18348","9","3","12"
"Magyar Nylev","10.18349","0","0","0"
"Institute for Poverty Alleviation and International Development","10.18350","0","0","0"
"Revista Genero & Direito","10.18351","5","0","5"
"The Robotics Society of Japan","10.7210","8516","476","8992"
"The Japanese Society of Revegetation Technology","10.7211","1810","87","1897"
"Karaelmas Fen ve Muhendislik Dergisi (Karaelmas Science and Engineering Journal)","10.7212","29","7","36"
"Pontificia Universidade Catolica do Parana - PUCPR","10.7213","359","-14","345"
"The Brain Sciences Foundation","10.7214","13","1","14"
"International Centre for Trade and Sustainable Development (ICTSD)","10.7215","421","-98","323"
"UCTEA Chamber of Textile Engineers","10.7216","44","2","46"
"Japanese Political Science Association","10.7218","5","0","5"
"Japanese Society of Intensive Care Medicine","10.3918","268","41","309"
"IGG UB RAS","10.24930","5","-1","4"
"Russian Photodynamic Association (ID 10558)","10.24931","7","0","7"
"Casa de Nossa Senhora da Paz A.S.F","10.24933","3","0","3"
"Educacao em Foco","10.24934","0","0","0"
"Competencia - Revista da Educacao Superior do Senac-RS","10.24936","0","0","0"
"Krylov State Research Centre","10.24937","2","0","2"
"Kirikkale Universitesi Tıp Fakultesi Dergisi","10.24938","0","0","0"
"The Korean Association For Japanese History","10.24939","0","0","0"
"Technical Association of Photopolymers, Japan","10.2494","7544","4620","12164"
"International Journal of Innovative Research & Development (GlobeEdu)","10.24940","1","0","1"
"International Journal of Current Research","10.24941","0","0","0"
"Indian Institute for Human Settlements","10.24943","3","0","3"
"Kresearch Corp","10.24944","0","0","0"
"eRelation AG","10.24945","8","0","8"
"cosmoanelixis","10.24946","0","0","0"
"Bio Accent Group LLC","10.24947","10","5","15"
"International Council for Science (ICSU)","10.24948","4","1","5"
"Structurae","10.24904","0","1","1"
"Universitas Pancasakti","10.24905","6","-2","4"
"Institute of Science, Education and Culture, Kolkata","10.24906","0","0","0"
"Queen's University Library","10.24908","195","13","208"
"ANSA Royals","10.24909","10","6","16"
"Japanese Society on Thrombosis and Hemostasis","10.2491","642","373","1015"
"SustaiN Society","10.24910","16","10","26"
"Discover Publishing Group","10.24911","9","2","11"
"Universitas Tarumanagara","10.24912","0","0","0"
"Romanian Journal of Applied Psychology, West University of Timisoara","10.24913","0","0","0"
"Fakultas Ekonomika dan Bisnis","10.24914","0","0","0"
"Associacao Portuguesa de Urologia","10.24915","0","0","0"
"Archeologicke Centrum Olomouc","10.24916","52","18","70"
"The Pedagogical University of Cracow/Uniwersytet Pedagogiczny w Krakowie","10.24917","0","0","0"
"CourseSource","10.24918","9","6","15"
"Drohobych Ivan Franko State Pedagogical University","10.24919","0","0","0"
"Japanese Society of Inflammation and Regeneration","10.2492","382","140","522"
"Programa de Pos Graduacao em Arquitetura e Urbanismo","10.4237","62","-14","48"
"Genetics and Molecular Research","10.4238","15436","4592","20028"
"Revista Catarinense da Ciencia Contabil","10.16930","5","0","5"
"Annals of Surgical Hepatology (ID 6775)","10.16931","4","-1","3"
"Institute of Foreign Language Education","10.16933","32","3","35"
"International Studies Review","10.16934","3","1","4"
"Ewha Journal of Social Sciences","10.16935","38","2","40"
"Theology and Philosophy","10.16936","0","0","0"
"Korea Culture and Tourism Institute","10.16937","17","3","20"
"The Korea Academic Society of Trade Exhibition Studies","10.16938","4","0","4"
"The Musicological Society of Korea","10.16939","0","0","0"
"Yonsei Music Research Institute","10.16940","0","0","0"
"The Soong Sil Association for Historical Studies","10.16942","0","0","0"
"Indian National Science Academy","10.16943","231","110","341"
"International Association for Humanistic Studies in Language","10.16945","0","0","0"
"Korean Society for Schizophrenia Research (KAMJE)","10.16946","22","4","26"
"FSM Scholarly Journal of Humanities and Social Sciences","10.16947","2","0","2"
"Medical Bulletin of Zeynep Kamil","10.16948","3","0","3"
"Turkish Journal of Computer and Mathematics Education","10.16949","14","1","15"
"Inonu University Journal of Art and Design","10.16950","0","0","0"
"The Research Institute of Nursing Science, Seoul National University (KAMJE)","10.16952","32","2","34"
"Dokuz Eylil University Graduate School of Social Sciences","10.16953","3","0","3"
"Baris Arastirmalari","10.16954","0","0","0"
"Plant Protection Bulletin","10.16955","0","0","0"
"Korean Association of Thyroid and Endocrine Surgeons (ID 6747)","10.16956","48","24","72"
"Institute for the Study of History","10.16957","0","0","0"
"Dankook Center for Dispute Resolution","10.16958","41","3","44"
"Institute for East Asian Cultures","10.16959","0","1","1"
"The Law Research Institute of Hongik University","10.16960","27","14","41"
"ELK Education Consultants, Pvt, LTD.","10.16962","1","1","2"
"Library of Medicine, LLC","10.16963","0","0","0"
"I MED Research Publications","10.16965","101","29","130"
"Sci Forschen, Inc.","10.16966","90","2","92"
"Fundacion Universitaria Ceipa","10.16967","1","0","1"
"Korean Geomorphological Association","10.16968","8","3","11"
"Turkish Bulletin of Entomology","10.16969","4","0","4"
"Turkish Journal of Entomology","10.16970","27","8","35"
"Vakiflar Dergisi","10.16971","0","0","0"
"The Korean Society of Business Venturing","10.16972","133","23","156"
"Journal of Governance Studies","10.16973","0","0","0"
"American Public Health Association","10.2105","335570","187967","523537"
"Vellalar College for Women","10.15613","4","0","4"
"Indian Association of Health, Research, and Welfare (IAHRW)","10.15614","0","0","0"
"The Korean Society for Biomedical Laboratory Sciences (ID 6248)","10.15616","91","3","94"
"The Korean Association of Political Science and Communication","10.15617","5","0","5"
"Research Group on Disalination and Industrial Outfall","10.15618","0","0","0"
"Physiotherapy New Zealand","10.15619","6","2","8"
"American Society for Photobiology","10.1562","19717","18975","38692"
"International Journal of Physiotherapy","10.15621","23","7","30"
"SPIIRAS","10.15622","135","10","145"
"eSAT Publishing House","10.15623","1166","551","1717"
"Indiana University Center for Genomics and Bioinformatics (CGB)","10.2506","10","3","13"
"Residencia Pediatrica","10.25060","1","1","2"
"Revista Brasileira Multidisciplinar - Rebram","10.25061","2","0","2"
"Escuela Superior de Guerra","10.25062","0","0","0"
"Asociacion Colombiana de Facultades de Odontologia","10.25063","0","0","0"
"IPO Academy of Production Engineering Sciences and Practice","10.25065","0","0","0"
"Revista Agropecuraria Tecnica - AGROTEC","10.25066","2","0","2"
"Revista Sinais","10.25067","0","0","0"
"DEDE KORKUT Uluslararasi Turk Dili ve Edebiyati Arastirmalari Dergisi","10.25068","0","0","0"
"Strategic Public Management Journal","10.25069","0","0","0"
"DAAAM International","10.2507","789","271","1060"
"York University Libraries","10.25071","1","0","1"
"Sekolah Tinggi Hukum Bandung","10.25072","0","0","0"
"Vietnam National University Journal of Science","10.25073","2","-1","1"
"Universidad Academia de Humanismo Cristiano","10.25074","1","-1","0"
"Mining Institute Belgrade","10.25075","0","0","0"
"The Business and Vocational Foreign Languages Teachers National Association","10.25076","0","0","0"
"Perpustakaan Universitas Andalas","10.25077","12","2","14"
"Institut Hindu Dharma Negeri Denpasar","10.25078","0","0","0"
"University of Kurdistan Hewler","10.25079","0","0","0"
"American Astronomical Society","10.3847","71126","5338","76464"
"Sri Lanka Journals Online (JOL)","10.4038","2564","530","3094"
"New Zealand College of Midwives","10.12784","27","48","75"
"Deanship of Scientific Research","10.12785","2672","719","3391"
"Korean Society for Neurorehabilitation (KAMJE)","10.12786","93","7","100"
"Karadeniz Arastirmalari Merkezi","10.12787","2","0","2"
"Frontline Medical Communications, Inc.","10.12788","1178","360","1538"
"Geological Association of Canada","10.12789","127","122","249"
"The Korean Society for Surgery of the Hand (KAMJE)","10.12790","25","5","30"
"Korean Society for Bio-Environment Control","10.12791","141","6","147"
"Institute of Industrial Applications Engineers","10.12792","104","5","109"
"Korean Society for Clinical Pharmacology and Therapeutics (KAMJE)","10.12793","52","8","60"
"University of North Texas Libraries","10.12794","0","0","0"
"Editorial Universidad de Sevilla","10.12795","243","55","298"
"Centre for Advancement in Inclusive and Special Education","10.12796","2","0","2"
"Ksiegarnia Akademicka Sp. z.o.o.","10.12797","20","1","21"
"Korean Academy of Community Health Nursing (KAMJE)","10.12799","860","29","889"
"Japanese Educational Research Association","10.7571","18","3","21"
"North Carolina Academy of Science, Inc.","10.7572","27","0","27"
"BioExcel","10.7573","238","52","290"
"Cambridge Journal of International and Comparative Law","10.7574","90","-1","89"
"Australian International Academic Centre","10.7575","322","-36","286"
"Oslo and Akershus University College of Applied Sciences","10.7577","1055","98","1153"
"Fundacion Ciencia Joven","10.7578","0","0","0"
"The Korean Society for Legal Medicine (KAMJE)","10.7580","138","15","153"
"Korean Academy of Pediatric Allergy and Respiratory Disease (KAMJE)","10.7581","236","4","240"
"Korean Society of Earth and Exploration Geophysicists","10.7582","54","3","57"
"Korea Game Society","10.7583","189","2","191"
"Korea Technical Association of the Pulp and Paper Industry","10.7584","151","8","159"
"The Korean Society of Pesticide Science","10.7585","411","26","437"
"Korean Society of Biological Nursing Science","10.7586","236","6","242"
"Korean Academic Society of Rehabilitation Nursing","10.7587","120","2","122"
"World Literature Today","10.7588","29","-5","24"
"IOS Press (ID 7437)","10.3233","68720","33806","102526"
"Nusha (ID 17367)","10.32330","0","0","0"
"O Que Nos Faz Pensar","10.32334","0","0","0"
"The Korean Society for the Study of Career Education","10.32341","0","0","0"
"University of Management and Technology (ID 11688)","10.32350,10.29145","0","0","0"
"Fundacion MenteClara Internacional","10.32351","0","0","0"
"Institute for New Human Society","10.32355","0","0","0"
"Arquivos de Ciências do Mar","10.32360","0","0","0"
"Revista de Direito","10.32361","0","0","0"
"Donetsk Law Institute of MIA of Ukraine","10.32366","0","0","0"
"Intellectual Archive","10.32370","0","0","0"
"Irish College of Paramedics","10.32378","0","0","0"
"Editora UFSM - FATEC","10.32379","0","0","0"
"Deutscher Arzte-Verlag GmbH","10.3238","1296","-982","314"
"Poltekkes Kemenkes Makassar","10.32382","0","0","0"
"Vereinigung zur Kritik der politischen Okonomie e.V.","10.32387","1","0","1"
"The Korean Society of Mineral and Energy Resources Engineers (ID 17381)","10.32390","0","0","0"
"Albanian Society for Trauma and Emergency Surgery","10.32391","0","0","0"
"Universitas Sam Ratulangi","10.32400","0","0","0"
"Japan Society of Naval Architects and Ocean Engineers","10.2534","2013","1600","3613"
"Missouri Botanical Garden Press","10.3417","3737","1031","4768"
"Japan Academy of Midwifery","10.3418","167","37","204"
"The Weed Science Society of Japan","10.3719","1090","136","1226"
"Japanese Association for Petroleum Engineers","10.3720","1061","575","1636"
"Journal of the North Atlantic","10.3721","251","94","345"
"Penerbit Universiti Sains Malaysia","10.21315","106","38","144"
"The Journal of International Management Research","10.21316","0","0","0"
"The Korean Society of Dance","10.21317","0","0","0"
"The Society of Korean Folklore","10.21318","0","0","0"
"K.R. Sapkal College of Management Studies","10.21319","0","0","0"
"Japan Society of Personality Psychology","10.2132","562","81","643"
"Practical Medicine Publishing House","10.21320","6","0","6"
"Korean Association of Family Relations","10.21321","7","0","7"
"The Gorbatov's All-Russian Meat Research Institute (ID 8840)","10.21323","6","0","6"
"Dogal Afetler ve Cevre Dergisi","10.21324","0","0","0"
"Journal of Tourism and Gastronomy Studies","10.21325","2","0","2"
"Korea Society of Design Trend","10.21326","7","1","8"
"SBS Foundation","10.21328","2","1","3"
"Korean Human Resource Development Strategy Institute","10.21329","0","0","0"
"Japanese Society for the Study of Xenobiotics","10.2133","9532","5352","14884"
"Korean Music Therapy Association","10.21330","48","10","58"
"The Korean Advertising and PR Practitioners Society","10.21331","10","2","12"
"Korean Local Government Law Association","10.21333","48","1","49"
"Institute of Image Information and Television Engineers","10.3169","2496","229","2725"
"Innovational Publishers","10.31690","0","0","0"
"Korea Society Of Air Space Law And Policy","10.31691","0","0","0"
"International Journal Education and Teaching","10.31692","0","0","0"
"UPV/EHU Press","10.1387","17279","10181","27460"
"Korean Recycled Constructions Resource Institute","10.14190","77","0","77"
"Korean Meteorological Society","10.14191","263","3","266"
"Korean Society for Nosocomial Infection Control (KAMJE)","10.14192","66","1","67"
"Korean Foot and Ankle Society (KAMJE)","10.14193","29","4","33"
"Michael Joanna Publications","10.14194","101","42","143"
"Agricultural Institute of Canada","10.4141","70901","57085","127986"
"University of Western Ontario, Western Libraries","10.5206","171","19","190"
"The Korean Institute of Illuminating and Electrical Installation Engineers","10.5207","866","-24","842"
"Universidad Complutense de Madrid (UCM)","10.5209","2816","843","3659"
"Fakultas Teknik Universitas Muhammadiyah Jakarta","10.24853","1","0","1"
"Konsorsium Psikologi Ilmiah Nusantara","10.24854","0","0","0"
"Scientific Research Foundation XXI Century","10.24855","12","2","14"
"UNTAG Semarang","10.24856","0","0","0"
"RGSA- Revista de Gestao Social e Ambiental","10.24857","42","2","44"
"Revista da Faculdade de Direito de Valenca","10.24859","0","0","0"
"National Institute of Industrial Health","10.2486","11834","7422","19256"
"Comunicologia","10.24860","0","0","0"
"Delictae: Revista de Estudos Interdisciplinares sobre o Delito","10.24861","0","0","0"
"Fundacao Educacional de Formiga - FUOM","10.24862","4","0","4"
"Ceuma Associacao de Ensino Superior","10.24863","1","0","1"
"Centro interdisciplinar de Pesquisa em Educacao e Direito CIPED","10.24864","0","0","0"
"IMLA (Arabic Teacher and Lecturer Association of Indonesia)","10.24865","0","0","0"
"FSAEIHE Far Eastern Federal University (FEFU)","10.24866","1","0","1"
"Faculty of Technical Sciences","10.24867","7","0","7"
"Medicinska Naklada d.o.o.","10.24869","27","26","53"
"English Literature in Transition (Project Muse)","10.2487","48","2","50"
"Science Planet Inc. (ID 10491)","10.24870","10","2","12"
"The Indonesian Journal of Gastroenterology, Hepatology and Digestive Endoscopy","10.24871","1","1","2"
"Rocky Mountain Geology, University of Wyoming","10.24872","0","1","1"
"Sociedade Portuguesa de Estomatologia e Medicina Dentaria (SPEMD)","10.24873","0","0","0"
"Faculty of Engineering, University of Kragujevac","10.24874","16","7","23"
"Publicidad Permanyer, SLU","10.24875","10","0","10"
"Senex:Journal of Aging Studies","10.24876","0","0","0"
"Fincham Press","10.24877","0","0","0"
"The Korea Entrepreneurship Society","10.24878","1","0","1"
"Psicologia em Pesquisa","10.24879","1","0","1"
"Japan Wood Society","10.2488","620","120","740"
"Mehmet Akif Ersoy Universitesi Veteriner Fakultesi Dergisi","10.24880","0","0","0"
"KUKKIWON","10.24881","16","3","19"
"Revista Inteligencia Competitiva","10.24883","0","0","0"
"FSBEI HE I.P. Pavlov SPbSMU MOH Russia (ID 10511)","10.24884","1","0","1"
"Revista de Arqueologia da SAB","10.24885","31","21","52"
"Korea Business Law Association","10.24886","0","0","0"
"Oil Industry Corporation","10.24887","8","9","17"
"Bunin Yelets State University","10.24888","0","0","0"
"Dokuz Eylul Universitesi Isletme Fakultesi Dergisi","10.24889","1","1","2"
"Soil and Water Conservation Society","10.2489","3190","2188","5378"
"The Rome Foundation","10.24890","10","1","11"
"Japan Legal History Association","10.5955","0","1","1"
"Society of Environmental Conservation Engineering","10.5956","351","101","452"
"The Society of Naval Architects and Marine Engineers","10.5957","351","241","592"
"Swedish Science Pioneers","10.13183","18","1","19"
"Fundacion de Ciencias de la Salud","10.13184","5","-1","4"
"Ateneo de Manila University","10.13185","113","17","130"
"Eastern Group Psychotherapy Society","10.13186","16","1","17"
"Academic Publishing House Researcher","10.13187","136","10","146"
"Avens Publishing Group","10.13188","73","13","86"
"Crossref","10.1110,10.13003","51495","48714","100209"
"Czech Academy of Agricultural Sciences","10.17221","4932","2590","7522"
"Institute of Metals and Technology","10.17222","208","60","268"
"Tomsk State University","10.17223","83","3","86"
"EIA Energy in Agriculture","10.17224","223","-49","174"
"Haemnet","10.17225","18","6","24"
"Journal of Rehabilitation Research & Development","10.1682","20835","7762","28597"
"SIMAI","10.1685","18","4","22"
"The Korean Society of Study on Chinese Language and Culture","10.16874","0","0","0"
"Techno-Press","10.12989,10.1296","25968","11623","37591"
"International Journal of Advance Engineering and Research Development (IJAERD)","10.21090","9","-1","8"
"Science and Medicine, Inc.","10.21091","46","19","65"
"HK Institute of Biologicals Standardization Ltd","10.21092","9","7","16"
"IAIN Samarinda","10.21093","1","0","1"
"Adarsh Group of Institutions","10.21095","4","0","4"
"The Korea Society for Wellness","10.21097","32","1","33"
"Bank Indonesia, Central Banking Research Department","10.21098","19","4","23"
"Institute of Mathematics, University of Tsukuba","10.21099","431","1279","1710"
"PNRPU Publishing House","10.15593","68","11","79"
"Global Journal of Enterprise Information System","10.15595","2","0","2"
"The Korean Society for Microsurgery (ID 6223)","10.15596","4","2","6"
"The Korean Society of Art Theories","10.15597","0","0","0"
"VSB Technical University of Ostrava, Faculty of Electrical Engineering and Computer Sciences","10.15598","335","19","354"
"Instituto Metodista de Servicos Educacionais","10.15599","9","-1","8"
"Laser Pages Publishing Ltd.","10.1560","4817","3491","8308"
"Instituto Educacional Piracicabano da Igreja Metodista","10.15600","90","7","97"
"Instituto Metodista Izabela Hendrix","10.15601","13","2","15"
"Instituto Porto Alegre da Igreja Metodista","10.15602","67","-43","24"
"Instituto Metodista de Ensino Superior","10.15603","345","18","363"
"Arachnological Society of Japan","10.2476","981","425","1406"
"Society of Computer Chemistry Japan","10.2477","699","362","1061"
"Ammons Scientific","10.2466","202196","76255","278451"
"Hippiatrika GmbH","10.21836","720","1086","1806"
"Malaysian Institute of Planners","10.21837","6","2","8"
"International Interactive Symposium on UHPC","10.21838","12","9","21"
"Phoenix Research Publishers","10.21839","4","0","4"
"Laser Society of Japan","10.2184","1410","755","2165"
"Sociedad Iberoamericana de Informacion Cientifica (SIIC)","10.21840","1","0","1"
"PES University","10.21842","0","0","0"
"Kolyani Government Engineering College","10.21843","5","3","8"
"School of Management Sciences, Varanas","10.21844","2","-1","1"
"Testneveles, Sport, Tudomany","10.21846","0","0","0"
"Ukrainian Center for Cultural Studies","10.21847","1","0","1"
"Korean Academy of Audiology","10.21848","22","0","22"
"Korean Academy of Speech-Language Pathologies","10.21849","6","0","6"
"The Japanese Society for Oral Pathology","10.3353","241","191","432"
"Inter-Research Science Center","10.3354","348073","289978","638051"
"Al Manhal FZ, LLC","10.12816","2344","496","2840"
"Eurasian Publications","10.15604","117","-85","32"
"Journal of the ASEAN Federation of Endocrine Societies (JAFES)","10.15605","25","13","38"
"Robotics: Science and Systems Foundation","10.15607","4686","219","4905"
"Faculty of Agriculture, Sebelas Maret University","10.15608","2","0","2"
"GENES","10.15609","48","20","68"
"Now Publishers","10.1561","28854","6430","35284"
"Chumakov Institute of Poliomyelitis and Viral Encephalitides","10.15610","2","0","2"
"Wroclaw University of Economics","10.15611","51","0","51"
"University and Research Librarians' Association","10.15612","0","0","0"
"Society for Underwater Technology","10.3723","402","246","648"
"Fakultas Ekonomi dan Bisnis Universitas Indonesia","10.21002","46","7","53"
"Institute of Society Transformation","10.21003","33","-1","32"
"Yunnan Provincial Research Institute for Ethnic Arts","10.21004","2","0","2"
"West Pomeranian University of Technology, Szczecin","10.21005","6","0","6"
"University of Tennessee Health Science Center Library","10.21007","4","0","4"
"Poznan University of Technology","10.21008","4","-1","3"
"Universitas Negeri Jakarta","10.21009","7","2","9"
"African Traditional Herbal Medicine Supporters Initiative (ATHMSI)","10.21010","105","35","140"
"Portuguese Association of Nutritionists","10.21011","1","0","1"
"International Association for Fracture Mechanics of Concrete and Concrete Structures","10.21012","16","22","38"
"Institute of Research Advances","10.21013","9","0","9"
"IMEKO International Measurement Confederation","10.21014","146","51","197"
"VFAST","10.21015","16","2","18"
"Sons and Daughters Publishing House","10.21016","0","0","0"
"Corporacion Universitaria Republicana","10.21017","0","0","0"
"College of Communication and Public Relations","10.21018","26","1","27"
"American Pharmacists Association (ID 23)","10.21019","81","17","98"
"Hacettepe University Faculty of Health Sciences Journal","10.21020","0","0","0"
"Osmanli Medeniyeti ve Arastirmalari Dergisi","10.21021","0","0","0"
"Japanese Society of Tribologists","10.2474","668","428","1096"
"American Journal of Science (AJS)","10.2475","56973","84029","141002"
"Geographical Institute, Research Centre for Astronomy and Earth Sciences","10.15201","86","25","111"
"Sociedade Unificada de Ensino Augusto Motta -UNISUAM","10.15202","0","1","1"
"Universitaet Innsbruck - Innsbruck University Press","10.15203","30","2","32"
"The Society of Korean Medicine Obstetrics and Gynecology","10.15204","96","20","116"
"The Korean Society of Clinical Health Science","10.15205","24","0","24"
"Asian Network for Public Opinion Research","10.15206","11","1","12"
"Korea Convergence Society","10.15207","575","-3","572"
"Prague Development Center","10.15208","256","75","331"
"Victoria University","10.15209","31","5","36"
"Guilford Publications","10.1521","119500","39046","158546"
"University of Halabja","10.32410","0","0","0"
"Persatuan Perawat Nasional Indonesia","10.32419","0","0","0"
"Informatics Education","10.32425","0","0","0"
"The Korean Society of Health-System Pharmacists (ID 17562)","10.32429","0","0","0"
"Erciyes Journal of Education (ID 17569)","10.32433","0","0","0"
"College of the Holy Cross","10.32436","0","0","0"
"Plantae Scientia","10.32439","0","0","0"
"International Scholars and Researchers Association","10.32441","0","0","0"
"Franco Angeli","10.3280","1839","141","1980"
"Research Institute of Signal Processing, Japan","10.2299","189","23","212"
"Acarological Society of Japan","10.2300","625","180","805"
"Japan Academy of Neurosonology","10.2301","149","33","182"
"Keio Journal of Medicine","10.2302","4974","2991","7965"
"Japanese Society of Echocardiography","10.2303","155","74","229"
"Symposium Journals","10.2304","15069","1265","16334"
"Geomatik","10.29128","0","0","0"
"Inonu Universitesi Egitim Bilimleri Enstitusu Dergisi","10.29129","0","0","0"
"Duzce Universitesi Bilim ve Teknoloji Dergisi","10.29130","0","0","0"
"Uluslararasi Iktisadi ve Idari Bilimler Dergisi","10.29131","0","0","0"
"International Journal of Pure and Applied Sciences","10.29132","0","0","0"
"Yuzuncu Yil Universitesi Tarim Bilimleri Dergisi","10.29133","1","0","1"
"Sanat Tarihi Dergisi","10.29135","0","0","0"
"Mediterranean Agricultural Sciences","10.29136","0","0","0"
"Uluslararasi Muhendislik Arastirma ve Gelistirme Dergisi","10.29137","1","0","1"
"Narotama University","10.29138","0","0","0"
"Asian International Journal of Social Sciences","10.29139","3","0","3"
"Castledown Publishers","10.29140","0","0","0"
"Ural State University of Economics","10.29141","2","0","2"
"Editora TantaTinta","10.29142","0","0","0"
"Institute for Future Growth","10.29143","0","0","0"
"Revista ECO-Pos","10.29146","0","0","0"
"Universidade Anhembi Morumbi","10.29147","0","0","0"
"Marketing and Tourism Review","10.29149","1","0","1"
"Fundacion Universitaria Monserrate - Unimonserrate","10.29151","0","0","0"
"Korea Observer - Institute of Korean Studies","10.29152","1","1","2"
"Seoul National University Institute for Japanese Studies","10.29154","0","0","0"
"Veterinaria - Montevideo","10.29155","0","0","0"
"InterCambios","10.29156","0","0","0"
"Erzurum Teknik Universitesi Sosyal Bilimler Enstitusu Dergisi","10.29157","0","0","0"
"PharmaTutor Edu Labs","10.29161","1","0","1"
"Anafora (ID 11706)","10.29162","18","-18","0"
"Modern English Drama Association of Korea","10.29163","0","0","0"
"Cambridge Encyclopedia of Anthropology","10.29164","0","0","0"
"Facultad de Odontologia","10.29166","0","0","0"
"Afghanistan Centre at Kabul University","10.29171","0","0","0"
"The Korean Association of Central Asian Studies","10.29174","0","0","0"
"Korean Law-Related Education Association","10.29175","0","0","0"
"Motricidades Revista da Sociedade de Pesquisa Qualitativa em Motricidade Humana","10.29181","0","0","0"
"Historia Economica e Historia de Empresas","10.29182","1","0","1"
"Mix Sustentavel","10.29183","0","1","1"
"Revista Cientifica da Faculdade de Medicina de Campos","10.29184","0","0","0"
"Hayvansal Uretim","10.29185","0","0","0"
"The Korean Society of the History of Historiography","10.29186","0","0","0"
"Journal of Sustainable Construction Materials and Technologies","10.29187","0","0","0"
"Korean Accounting Information Association","10.29189","0","0","0"
"The Society of Ewha Korean Language and Literature","10.29190","0","0","0"
"International Journal of Advances in Interdisciplinary Research","10.29191","0","0","0"
"Cuadernos del CLAEH","10.29192","0","0","0"
"Revista Medica del Uruguay","10.29193","0","0","0"
"Al-Nahrain Journal for Engineering Sciences","10.29194","1","1","2"
"Indian Academy of Sciences","10.29195","0","0","0"
"University of Babylon","10.29196","1","0","1"
"Pontifica Universidad Catolica Madre y Maestra","10.29197","0","0","0"
"UK Education Consultancy Services Ltd","10.29198","0","0","0"
"Northern California Open Access Publications","10.29199","0","0","0"
"Universiti Malaysia Pahang Publishing","10.15282","640","254","894"
"Korean Society for Stem Cell Research","10.15283","823","276","1099"
"The Korean Association of Human Development","10.15284","29","-1","28"
"Egitim Bilimleri Dergisi","10.15285","1","0","1"
"The Polynesian Society","10.15286","54","18","72"
"Marin Dracea National Research-Development Institute in Forestry","10.15287","136","44","180"
"Alcohol Research Documentation, Inc.","10.15288","75886","35238","111124"
"Annual Reviews","10.1146","2359888","1699537","4059425"
"National Academic Advising Association (NACADA)","10.12930","1246","43","1289"
"Osterreichish-Rumanischer Akademischer Verein","10.12931","0","0","0"
"Allergy, Asthma, and Immunology Association of Thailand","10.12932","147","33","180"
"Asociacion Mexicana de Mastozoologia","10.12933","264","38","302"
"The Korean Academy of Psychiatric and Mental Health Nursing (KAMJE)","10.12934","689","40","729"
"Japan Veterinary Medical Association","10.12935","1142","533","1675"
"Tenri Foundation, Tenri Institute of Medical Research","10.12936","11","2","13"
"Japanese Society for Information and Systems in Education","10.12937","21","1","22"
"BMFH Press","10.12938","2342","1049","3391"
"The Korean Society of Fisheries Business Administration","10.12939","105","5","110"
"Japan Society of Equine Science","10.1294","863","453","1316"
"The Korean Society of Fashion Business","10.12940","265","-3","262"
"The Korean Society for Industrial and Applied Mathematics","10.12941","36","6","42"
"Living Reviews","10.12942","18101","4570","22671"
"Lembaga Penelitian dan Pengabdian kepada Masyarakat ITS","10.12962","85","15","100"
"Korean Academy of Speech-Language Pathology and Audiology","10.12963","348","10","358"
"Korean Society of Sandplay Therapy","10.12964","1","0","1"
"Korean Society of Exercise Rehabilitation","10.12965","825","242","1067"
"Sciknow Publications","10.12966","429","147","576"
"International Society for Music Education","10.12967","4","0","4"
"Open Library of the Humanities (ID 10164)","10.7766,10.16995","322","14","336"
"E-Content Management","10.5172","19125","4870","23995"
"Polish Urological Association","10.5173","376","104","480"
"Wildlife Disease Association","10.7589","37112","15673","52785"
"Paris Legal Publishers","10.7590","48","2","50"
"Association of Experimental Stroke and Translational Medicine","10.6030","167","71","238"
"Asian Culture Society International","10.6031","0","0","0"
"Japanese Society of Gout and Nucleic Acid Metabolism","10.6032","32","2","34"
"The Japanese Association of Special Education","10.6033","116","91","207"
"Universitat Jaume I","10.6035","470","-137","333"
"Publicaciones DYNA","10.6036","152","61","213"
"Korean Association for the Study of Lung Cancer (KAMJE)","10.6058","82","11","93"
"Global Research Network LLC","10.31150","0","0","0"
"Korea Business Association","10.31152","0","0","0"
"Universitas Klabat","10.31154","1","-1","0"
"Korean Society for Educational Evaluation","10.31158","0","0","0"
"Korean Society of MR Technology","10.31159","0","0","0"
"Institute of Physical Optics","10.3116","471","398","869"
"Journal of Transcatheter Interventions","10.31160","0","0","0"
"Dagestan State Pedagogical University","10.31161","0","0","0"
"Russian Islamic Institute (ID 16004)","10.31162","0","0","0"
"Ufa Institute of Biology UFRC RAS","10.31163","0","0","0"
"Revista Ecuatoriana de Investigaciones Agropecuaria","10.31164","0","0","0"
"OOO Zhurnal Voprosy Istorii","10.31166","0","0","0"
"Sociedad Espanola de Ciencias Forestales (ID 14916)","10.31167","0","0","0"
"Institute of Slavic Studies of the Russian Academy of Sciences (ID 16235)","10.31168","0","0","0"
"Japanese Society for Root Research","10.3117","503","86","589"
"Vlast","10.31171","0","0","0"
"Pusat Penelitian dan Pengembangan Badan Meteorologi Klimatologi dan Geofisika","10.31172","0","0","0"
"Borno Medical Journal","10.31173","0","0","0"
"Science and Education A New Dimension","10.31174","0","0","0"
"Beyond the Horizon International Strategic Studies Group","10.31175","0","0","0"
"Apertura","10.31176","0","0","0"
"Universitate din Bucuresti (University of Bucharest)","10.31178","0","0","0"
"Japanese Society for Extremophiles","10.3118","41","16","57"
"Regional Association for Security and Crisis Management","10.31181","25","0","25"
"Cubic Society","10.31182","0","0","0"
"Investigational Medicinal Chemistry and Pharmacology","10.31183","0","0","0"
"Pemberley Books (Publishing)","10.31184","0","0","0"
"Wasit University","10.31185","0","0","0"
"Badan Penerbitan Fakultas Pertanian (BPFP) Universitas Bengkulu","10.31186","2","-1","1"
"University of Ottawa Press","10.31188","0","0","0"
"Clinical Exercise Physiology Association (ID 16145)","10.31189","1","0","1"
"New England Botanical Club","10.3119","528","80","608"
"Revista Mexicana de Neurociencia","10.31190","0","0","0"
"African Journal of Current Medical Research","10.31191","0","0","0"
"Krscanski Akademski Krug","10.31192","0","0","0"
"Eurasian Journal of Forest Science (ID 16077)","10.31195","0","0","0"
"Advances in the Theory of Nonlinear Analysis and its Application (ID 15935)","10.31197","0","1","1"
"IDEALKENT (ID 16019)","10.31198","0","0","0"
"Hak Is Uluslararasi Emek ve Toplum Dergisi (ID 15938)","10.31199","0","0","0"
"California Botanical Society","10.3120","850","145","995"
"Mehmet Akif Ersoy Universitesi Uygulamali Bilimler Dergisi (ID 15959)","10.31200","0","0","0"
"International Journal of Health Management and Tourism (ID 16087)","10.31201","0","0","0"
"El-Cezeri: Journal of Science and Engineering (ID 15982)","10.31202","0","0","0"
"Asia-Europe Perspective Association (ID 16045)","10.31203","0","0","0"
"Universidad de Los Hemisferios","10.31207","0","0","0"
"Volga Region Research Institute of Manufacture and Processing of Meat-and-Milk Production","10.31208","0","0","0"
"TSI Press (ID 16199)","10.31209","0","0","0"
"Marshfield Clinic Research Foundation","10.3121,10.21636","4165","2627","6792"
"Science and Technology Studies","10.23987","7","3","10"
"Ainedidaktiikka-lehti","10.23988","1","0","1"
"Gerontologia","10.23989","0","0","0"
"Deomed Publishing","10.2399","128","48","176"
"Sosiaalilaaketieteellisen aikakauslehti","10.23990","1","0","1"
"Ethnologia Fennica","10.23991","0","0","0"
"Studia Orientalia Electronica","10.23993","0","0","0"
"Lahikuva","10.23994","0","0","0"
"Tahiti","10.23995","0","0","0"
"Finnish Journal of eHealth and eWelfare","10.23996","4","0","4"
"Puhe ja kieli","10.23997","0","0","0"
"Rakenteiden mekaniikka","10.23998","0","0","0"
"STC Industry Safety CJSC","10.24000","0","0","0"
"Infogain Publication","10.24001","4","-2","2"
"Universitas Atma Jaya Yogyakarta","10.24002","7","0","7"
"EMITTER International Journal of Engineering Technology","10.24003","13","3","16"
"Korean Special Education Association for Curriculum and Instruction","10.24005","2","-1","1"
"Jungseok Research Institute of International Logistics and Trade","10.24006","77","39","116"
"Physical Education Lab of Chung-Ang University","10.24007","1","0","1"
"Center for Korean Literature and Language Education","10.24008","0","1","1"
"The Korean Society of Education for Hearing-Language Impairments","10.24009","0","0","0"
"Seyahat ve Otel Isletmeciligi Dergisi","10.24010","0","0","0"
"Bartin Orman Fakultesi Dergisi","10.24011","0","0","0"
"Dicle Universitesi Muhendislik Fakultesi Muhendislik Dergisi","10.24012","0","0","0"
"Journal of Management Economics Literature Islamic and Political Science","10.24013","0","0","0"
"Universitas Islam Negeri Sultan Syarif Kasim Riau","10.24014","3","0","3"
"Evidence Based Communications","10.24015","16","14","30"
"Instituto Peruano de Orientacion Psicologica - IPOPS","10.24016","0","11","11"
"Sulaimani Polytechnic University (ID 10102)","10.24017","2","0","2"
"European Open Access Publishing (Europa Publishing)","10.24018","8","2","10"
"Fondazione Vasculab","10.24019","2","-1","1"
"The Korean Association for Local Public Enterprises","10.24020","0","0","0"
"Revista Acta Ambiental Catarinense","10.24021","0","0","0"
"A.N. Bakoulev National Scientific and Practical Center for Cardiovascular Surgery","10.24022","1","0","1"
"Future Studies Research Journal: Trends and Strategies","10.24023","2","0","2"
"Cherkasy State Technological University","10.24025","0","0","0"
"Lancet XXI STORIChChYa, LLC","10.24026","8","-7","1"
"National Scientific Centre Institute of Metrology","10.24027","0","0","0"
"Institute of Geophysics of the National Academy of Sciences of Ukraine by S.I. Subbotin name","10.24028","5","-1","4"
"Essays on Conservatism","10.24030","0","0","0"
"PH V. Ema","10.24031","0","0","0"
"Empirical Research Press, Ltd.","10.24032","4","0","4"
"RNCSB Organization","10.5936","900","505","1405"
"Rambam Health Care Campus","10.5041","652","234","886"
"Korean Society of Hematology; Korean Society of Blood and Marrow Transplantation","10.5045","1505","358","1863"
"Terrapub","10.5047","6136","1955","8091"
"Biologic Institute","10.5048","11","4","15"
"The Korean Society of Electrolyte Metabolism (KAMJE)","10.5049","477","171","648"
"The Korean Society for Noise and Vibration Engineering","10.5050","1795","101","1896"
"Korean Academy of Periodontology (KAMJE)","10.5051","1715","342","2057"
"Cevre Koruma ve Arastirma Vakfi","10.5053","744","269","1013"
"Weston Medical Publishing","10.5055","2210","726","2936"
"Universidade de Estado do Rio de Janeiro","10.12957","420","-119","301"
"State University Luhansk Taras Shevchenko National University","10.12958","0","0","0"
"Zalozba Vega, d.o.o.","10.12959","20","1","21"
"Professional Association of Social Workers of Madrid","10.12960","11","-4","7"
"Societat Catalana de Salut Laboral","10.12961","20","26","46"
"Korean Society for Thoracic and Cardiovascular Surgery (ID 3015)","10.5090","1000","410","1410"
"Botanical Garden Meise","10.5091","966","239","1205"
"Historians of Netherlandish Art","10.5092","23","-4","19"
"Colegio Oficial de Psicologos de Madrid","10.5093","1164","108","1272"
"Turkish National Committee for Air Pollution and Control (TUNCAP)","10.5094","1696","1910","3606"
"Coldev Editions","10.5095","0","0","0"
"Institute of Human Cognition and Brain Science (IHCBS)","10.5096","38","3","41"
"Turkish Surgical Association","10.5097","16","1","17"
"Global Digital Central","10.5098","248","270","518"
"New World Publishing International, Inc.","10.5099","447","229","676"
"Japan Ergonomics Society","10.5100","1540","241","1781"
"TOTBID (Turk Ortopedi ve Travmatoloji Birligi Dernegi","10.14292","1","1","2"
"ScienceOpen (ID 5403)","10.14293","43","7","50"
"Water Journal","10.14294","3","5","8"
"Lepidus Tecnologia","10.14295","481","99","580"
"School of Advanced Study","10.14296","22","3","25"
"Edinburgh Napier University","10.14297","66","3","69"
"IJSER Publishing","10.14299","130","-29","101"
"Stavropol State Medical University","10.14300","15","3","18"
"Society for Longitudinal and Life Course Studies","10.14301","171","51","222"
"SAHkartell","10.18193,10.22375","3","-2","1"
"International Wader Study Group","10.18194","50","2","52"
"Western Australian Museum","10.18195","666","402","1068"
"JK School of Gov, Universitas Muhammadiyah Yogyakarta","10.18196","9","1","10"
"Surdurulebilir ve Engelsiz Bilim Egitimi","10.18197","0","0","0"
"Institute of Low Temperature Energy Technology","10.18198","0","0","0"
"St. Petersburg State University","10.18199","2","0","2"
"Journal of Gifted Education and Creativity","10.18200","3","0","3"
"International Journal of Intelligent Systems and Applications in Engineering","10.18201","39","18","57"
"Faculty of Economics, University of Brawijaya","10.18202","0","2","2"
"Embry-Riddle Aeronautical University/Hunt Library","10.15394","115","8","123"
"Majalah Kedokteran Bandung","10.15395","33","-18","15"
"Stitchting European Real Estate Society","10.15396","4","2","6"
"Society for Korean Bronze Culture","10.15397","0","0","0"
"Institute of Computer Science, Polish Academy of Sciences","10.15398","63","3","66"
"Chonnam National University Fishing Technology Institute","10.15399","1","0","1"
"Japan Society of Smooth Muscle Research","10.1540","2658","1275","3933"
"Cultural Contents and Technology Research Institute","10.15400","3","0","3"
"Indian Medico Journal","10.15401","7","-1","6"
"Engaged Scholar Journal","10.15402","7","1","8"
"Romanian Society of Gastroenterology and Hepatology","10.15403","134","6","140"
"Medical Student Research Journal","10.15404","13","6","19"
"Cognitive-crcs","10.15405","129","28","157"
"Mavlyutov Institute of Mechanics","10.21662","3","0","3"
"Association of Environmental and Engineering Geologists","10.21663","0","0","0"
"Fronteiras: Journal of Social, Technological and Environmental Science","10.21664","17","0","17"
"Revista Ambivalencias","10.21665","9","0","9"
"Mugla Sitki Kocman University Journal of Education","10.21666","2","-1","1"
"Ryazan State Radio Engineering University RSREU","10.21667","4","3","7"
"Federal Scientific Center for Medical and Preventive Health Risk Management Technologies","10.21668","5","-3","2"
"Revista TOMO","10.21669","10","0","10"
"Instituto de Investigaciones Sociales","10.21670","7","0","7"
"Revista Direito UFMS","10.21671","2","0","2"
"FSBEI HE Astrakhan State University","10.21672","0","0","0"
"Anadolu Klinigi Tip Bilimleri Dergisi","10.21673","1","0","1"
"Revista Eletronica Cientifica da UERGS​","10.21674","1","1","2"
"Conselho Federal de Enfermagem - Cofen","10.21675","19","1","20"
"Universidad del Magdalena","10.21676","7","6","13"
"World Maritime University","10.21677","0","0","0"
"Universidad del Pacifico","10.21678","25","13","38"
"Universidad Maria Auxiliadora SC","10.21679","0","0","0"
"Logical Methods in Computer Science e.V. (ID 959)","10.2168","1565","518","2083"
"Universidade Federal do Rio Grande do Norte - UFRN","10.21680","1","1","2"
"I.E. Makarenko GI","10.21681","5","0","5"
"Journal Dependability (ID 9139)","10.21683","0","0","0"
"Tyumen State University (ID 9144)","10.21684","110","-60","50"
"Penza State University","10.21685","10","1","11"
"Universidad Nacional de Costa Rica","10.15359","45","3","48"
"International Heart Journal (Japanese Heart Journal)","10.1536","13490","10410","23900"
"FSBI SRIGR RAMS","10.15360","118","-10","108"
"FUNEP","10.15361","102","14","116"
"The Korean Society of Endoscopic and Laproscopic Surgeons (ID 4428)","10.7602","45","8","53"
"Korean College of Helicobacter and Upper Gastrointestinal Research (KAMJE)","10.7704","180","-3","177"
"Instituto Nacional de Salud (Colombia)","10.7705","2253","859","3112"
"International Journal of Eye Banking","10.7706","8","1","9"
"Hamdan Medical Journal","10.7707","18","13","31"
"City Net Scientific Research Center Ltd., Belgrade","10.7708","198","90","288"
"Journal of Negro Education","10.7709","431","33","464"
"University of Puerto Rico at Mayaguez","10.18475","561","189","750"
"Stuttgart State Museum of Natural History","10.18476","36","8","44"
"Institute of Research and Journals","10.18479","4","-1","3"
"The Agricultural Economics Society of Japan","10.18480","52","14","66"
"SE Liubov Syvorova (ID 7731)","10.18481","5","-1","4"
"Journal of Adolescent Psychology and Psychiatry","10.18482","1","0","1"
"Alkhaer Publications","10.18483","21","4","25"
"Faculty of Philology, University of Belgrade","10.18485","5","0","5"
"Machine Intelligence Research Labs, Gwalior","10.18486","0","0","0"
"Fundacja Medigent","10.18487","0","0","0"
"Conscientia Beam","10.18488","439","-44","395"
"South African Institute of Computer Scientists and Information Technologists","10.18489","118","-28","90"
"Sosyoloji Arastirmalari Dergisi","10.18490","2","-1","1"
"Beytulhikme An International Journal of Philosophy","10.18491","4","-1","3"
"Journal of Linguistics Research","10.18492","0","0","0"
"Karamanoglu Mehmetbey Universitesi Sosyal ve Ekonomik Arastirmalar Dergisi","10.18493","3","0","3"
"MYU K.K.","10.18494","63","3","66"
"The Korea-Japan Historical Society","10.18496","0","0","0"
"International Electronic Journal of Environmental Education","10.18497","5","0","5"
"Review of the Faculty of Divinity of Amasya University","10.18498","0","0","0"
"VSMU N.N. Burdenko (ID 7760)","10.18499","6","0","6"
"Balai Bahasa Bali","10.29255","0","0","0"
"European Scientific Center Biological Marker s.r.o.","10.29256","0","0","0"
"Fundacion San Pablo Andalucia CEU","10.29257","0","0","0"
"Kazakh-German University","10.29258","0","0","0"
"Faculty of Economics, Universitas Sriwijaya","10.29259","0","0","0"
"Instituto Chileno Terapia Familiar","10.29260","0","0","0"
"Pakistan Veterinary Journal","10.29261","2","-1","1"
"Colegio Mexicano de Inmunologia Clinica y Alergia, A. C.","10.29262","2","0","2"
"Faculty of Economics and Business, Mulawarman University","10.29264","0","0","0"
"Mexican Journal of Biotechnology","10.29267","0","1","1"
"Services Society","10.29268","25","-1","24"
"Inno Publisher","10.29269","1","1","2"
"Greenwich University Pakistan","10.29270","0","0","0"
"College of Physicians and Surgeons Pakistan","10.29271","7","0","7"
"Journal of KEMA","10.29273","0","0","0"
"Institute of East and West Studies","10.29274","0","0","0"
"The Korean Society of Educational Studies in Mathematics","10.29275","1","-1","0"
"Revista EDAPECI","10.29276","0","0","0"
"Revista Uruguaya de Cardiologia","10.29277","0","0","0"
"Akademik Ziraat Dergisi","10.29278","0","0","0"
"Korean Society of Technical Education and Training","10.29279","0","0","0"
"Revista Amazonida","10.29280","0","0","0"
"Revista da Escola Superior de Direito Municipal","10.29282","0","0","0"
"Revista de Educacao Publica","10.29286","0","0","0"
"Raizes no Direito","10.29287","0","0","0"
"Ilahiyat Tetkikleri Dergisi","10.29288","0","0","0"
"Mastology","10.29289","0","0","0"
"Centro de Educacao Superior de Guanambi (CESG)","10.29293","0","0","0"
"International Journal of Advanced Science and Engineering(IJASE)","10.29294","0","1","1"
"Kharkiv National University of Civil Engineering and Architecture","10.29295","0","0","0"
"Russkiy Vrach Publishing House","10.29296","1","0","1"
"ORBIT","10.29297","1","0","1"
"Revista Mexicana de Ciencias Forestales","10.29298","2","0","2"
"Kirsehir Egitim Fakultesi Dergisi","10.29299","0","0","0"
"Universitas Mataram","10.29303","3","0","3"
"Journal of Al-Qadisiyah for Computer Science and Mathematics","10.29304","0","0","0"
"Korean Legal Center","10.29305","0","0","0"
"Korean Science Education Society for the Gifted","10.29306","0","0","0"
"Independent Medical Trust","10.29309","0","0","0"
"Motu Economic and Public Policy Research","10.29310","8","7","15"
"University of Leicester (ID 11863)","10.29311","12","-9","3"
"Revista Mexicana de Ciencias Agricolas","10.29312","26","1","27"
"Universitas Islam Bandung (Unisba)","10.29313","1","5","6"
"MLS Journals S.L","10.29314","0","0","0"
"Academia CUF","10.29315","0","0","0"
"Pope John Paul II State School of Higher Education in Biala Podlaska","10.29316","0","0","0"
"Physico-Technical Society of Kazakhstan","10.29317","0","0","0"
"The Anam Society for the Study of Education","10.29318","0","0","0"
"Sri Jai Narain P.G. College, Lucknow","10.29320","0","0","0"
"Madras Agricultural Students Union","10.29321","1","0","1"
"International Journal of Scientific and Research Publications (IJSRP)","10.29322","0","0","0"
"The Korean Association For Studies Of Modern Chinese History","10.29323","0","0","0"
"The Korean Society Of East-West Comparative Literature","10.29324","0","0","0"
"NIST/OSAC","10.29325","0","0","0"
"FGI Federal Centre for Animal Health (FGI ARRIA) (ID 11876)","10.29326","0","0","0"
"Even3","10.29327","0","0","0"
"Heighten Science Publications Corporation","10.29328","15","4","19"
"Pen Academic Publishing","10.29329","0","0","0"
"Society of Contemporary Art Science","10.29330","0","0","0"
"Korea Research Association of International Commerce","10.29331","1","-1","0"
"Suryasa and Sons","10.29332,10.31295,10.21744","8","-1","7"
"Modestum Limited","10.29333","103","17","120"
"HanKuk Munhwa Sa Hak Hoe","10.29334","0","0","0"
"Institute of Agriculture Science and Technology (ID 11884)","10.29335","0","0","0"
"Biodimension","10.29336","0","0","0"
"IJS Press (ID 11886)","10.29337","0","0","0"
"Federal Reserve Bank of Atlanta (ID 11885)","10.29338","1","-1","0"
"Korean Society for Public Health and Medicine (ID 11888)","10.29339","0","0","0"
"Centro de Investigaciones y Estudios Superiores en Antropologia Social","10.29340","6","0","6"
"Callosum Neurology","10.29342","0","0","0"
"University of Veterinary and Pharmaceutical Sciences","10.2754","3998","1799","5797"
"Foundation for Cellular and Molecular Medicine","10.2755","19","5","24"
"European Centre for Disease Control and Prevention (ECDC) (ID 7995)","10.2807","12228","4847","17075"
"AEDEAN (Asociacion Espanola de Estudios Anglo-Norteamericanos)","10.28914","0","1","1"
"Zinianz Publishing Pvt Ltd","10.28915","0","0","0"
"Instituto Social del MERCOSUR","10.28917","0","0","0"
"LP2M IAIN Pekalongan","10.28918","1","0","1"
"SCIK Publishing Corporation","10.28919,10.28924","0","0","0"
"Diving and Hyperbaric Medicine Journal","10.28920","3","2","5"
"Newredmars Education Pvt, Ltd.","10.28921","0","0","0"
"Borys Grinchenko Kyiv University (ID 11468)","10.28925","1","0","1"
"Universitas Nahdlatul Ulama Blitar","10.28926","0","0","0"
"ABMS - Brazilian Association for Soil Mechanics and Geotechnical Engineering","10.28927","1","1","2"
"Iztapalapa - Revista de Ciencias Sociales y Humanidades","10.28928","2","-2","0"
"The Duke Clinical Research Institute","10.28929","0","0","0"
"Department of Marine Science and Technology","10.28930","0","0","0"
"Centros de Integracion Juvenil, A.C.","10.28931","2","0","2"
"Maranatha Christian University","10.28932","3","1","4"
"American Fisheries Society","10.1577","156777","65125","221902"
"Earthquake Engineering Research Institute","10.1193","22389","9496","31885"
"Revista Brasileira de Ciencias Agrarias","10.5039","794","38","832"
"IZMIRAN","10.31361","0","0","0"
"Pamukkale Tip Dergisi (ID 16356)","10.31362","0","0","0"
"Scientific Research Journal SCIRJ","10.31364","0","0","0"
"Sociedade de Pediatria do Estado do Rio de Janeiro","10.31365","0","0","0"
"FSBSI Agricultural Research Center Donskoy (ID 16360)","10.31367","1","0","1"
"Instituto Biologico","10.31368","0","0","0"
"Asian American Pacific Islander Nurses Association (AAPINA)","10.31372","0","0","0"
"Scandinavian Military Studies (ID 16368)","10.31374","0","0","0"
"Development of Management and Entrepreneurship Methods on Transport (ONMU)","10.31375","0","0","0"
"Olexander Dovzhenko Hlukhiv National Pedagogical University","10.31376","0","0","0"
"Avicenna Journals","10.31377","0","0","0"
"Hanzehogeschool Groningen University of Applied Sciences","10.31378","0","0","0"
"Clinical Anesthesiology and Intensive Care","10.31379","0","0","0"
"California Institute for Human Science","10.2742","0","0","0"
"Japan Society of Veterinary Epidemiology","10.2743","79","22","101"
"Chelonian Conservation and Biology Journal (ID 1453)","10.2744","2194","542","2736"
"Japan Society of Drug Delivery System","10.2745","392","277","669"
"The Korea Institute of Information & Electronic Communication Technology","10.17661","31","0","31"
"Korea Society of Digital Industry and Information Management","10.17662","19","1","20"
"Korean Wetlands Society","10.17663","174","0","174"
"Korea Society of Geothermal Energy Engineers","10.17664","6","0","6"
"Escola de Enfoermagem Aurora de Afonso Costa","10.17665","16","-6","10"
"ANPOCS","10.17666","25","-4","21"
"Magyar Pedagogia","10.17670","3","1","4"
"International Journal of Informatics Technologies","10.17671","1","1","2"
"Florence Nightingale Journal of Nursing","10.17672","10","4","14"
"Samara State University of Architecture and Civil Engineering","10.17673","22","58","80"
"Ufa State Academy of Arts","10.17674","0","0","0"
"IFHAN","10.17675","75","29","104"
"Hungarian Agricultural Engineering","10.17676","4","0","4"
"P2M Invest","10.17677","3","0","3"
"Bitlis Eren University Journal of Science and Technology","10.17678","12","7","19"
"Inonu University Journal of the Faculty of Education","10.17679","7","-1","6"
"Erciyes Iletisim Dergisi","10.17680","0","0","0"
"Saglik Bilimleri ve Meslekleri Dergisi","10.17681","7","2","9"
"United States Sports Academy","10.17682","0","0","0"
"INCDMTM","10.17683","1","0","1"
"Diacronia","10.17684","27","18","45"
"Croatian Society of Art Historians","10.17685","0","0","0"
"Science and Education, Ltd.","10.17686","42","2","44"
"Chinese Journal of Mechanical Engineering","10.3901","14096","3746","17842"
"Japanese Neural Network Society","10.3902","152","13","165"
"Green Theory and Praxis: The Journal of Ecopedagogy","10.3903","19","1","20"
"Korean Association of Internal Medicine","10.3904","7554","2503","10057"
"College Art Association","10.3202","5","1","6"
"The Japanese Geotechnical Society","10.3208","22277","9218","31495"
"The Society for Actinomycetes Japan","10.3209","1308","481","1789"
"The Center for Fire Science and Technology","10.3210","324","392","716"
"Africa Magna Verlag","10.3213","781","418","1199"
"Verlag der Technischen Universitat Graz","10.3217","181","6","187"
"Gruppo Italiano Frattura","10.3221","62","-7","55"
"Barbara Budrich Publishers","10.3224","511","19","530"
"International Journal of Pharmacy and Technology","10.32318","0","0","0"
"Society of Japanese Language Education Hong Kong","10.32319","0","0","0"
"Cukurova Universitesi Turkoloji Arastırmaları Dergisi (ID 17353)","10.32321","0","0","0"
"Journal of Health Sciences and Medicine (ID 17352)","10.32322","0","0","0"
"Universite Arastirmalari Dergisi (ID 17361)","10.32329","0","0","0"
"Korean Society for Library and Information Science","10.4275","916","20","936"
"College of Occupational Therapists","10.4276","2538","110","2648"
"American Journal of Health Promotion","10.4278","27790","8485","36275"
"Papers in Physics","10.4279","133","21","154"
"EURP","10.4281","3","0","3"
"The Sessile Organisms Society of Japan","10.4282","210","94","304"
"The Korean Magnetics Society","10.4283","1580","389","1969"
"Japan Technical Association of the Pulp and Paper Industry","10.2524","825","277","1102"
"Tropical Journal of Applied Natural Sciences (TJANS)","10.25240","0","0","0"
"ROPOSTURO Romanian Association of Oral Rehabilitation and Posturotherapy","10.25241","0","0","0"
"Institutos Superiores de Ensino do Censa","10.25242","0","0","0"
"Revista Odontologia Clinico-Cientifica","10.25243","0","0","0"
"Revista Direitos Sociais e Politicas Publicas UNIFAFIBE","10.25245","0","0","0"
"Direito e Desenvolvimento","10.25246","0","0","0"
"Universidade Catolica de Pernambuco","10.25247","0","0","0"
"Revista Eletronica Acervo Saude","10.25248","1","0","1"
"Sociedade Brasileira de Geologia","10.25249","187","375","562"
"Japanese Society of Agricultural, Biological and Environmental Engineers and Scientists","10.2525","1765","830","2595"
"The Science Breaker","10.25250","0","0","0"
"National Society for Cutaneous Medicine","10.25251","5","1","6"
"Soil and Environment","10.25252","4","1","5"
"Insight Turkey/SETA Vakfi","10.25253","4","0","4"
"Auto/Fiction","10.25254","0","0","0"
"COES and RJ, LLC","10.25255","5","0","5"
"Pan-Pacific Association of Applied Linguistics","10.25256","0","0","0"
"State Fire Academy of EMERCOM of Russia","10.25257","0","0","0"
"Dr. Yashwant Research Labs Pvt. Ltd.","10.25258","12","1","13"
"Scientific Scholar (ID 10894)","10.25259","0","0","0"
"Japan Society of Electrical Machining Engineers","10.2526","211","131","342"
"Asociacion Argentina de Ecologia","10.25260","1","2","3"
"Auraria Library, University of Colorado Denver","10.25261","0","0","0"
"The National University of Ostroh Academy","10.25264","0","0","0"
"Servicio de Publicaciones de la Universidad de Cadiz","10.25267","119","6","125"
"The Japan Society of Polymer Processing","10.4325","493","239","732"
"The Japanese Society for Cardiovascular Surgery","10.4326","490","149","639"
"Japanese Society of Nutrition and Food Science","10.4327","2129","904","3033"
"Modern Academic Publishing Partners","10.16994","0","0","0"
"University of Westminster Press (ID 6588)","10.16997","427","124","551"
"Korean Association of Arbitration Studies","10.16998","13","0","13"
"Korean Association for Social Welfare Studies","10.16999","300","11","311"
"Korean Association of Social Policy","10.17000","82","8","90"
"The Society for Kugyol Studies","10.17001","0","0","0"
"The Joongwon Linguistic Society of Korea","10.17002","1","1","2"
"The Japanese Language and Literature Association of Korea","10.17003","59","68","127"
"The Society for the Research of Chinese Novels","10.17004","0","0","0"
"Korean Association of Labor Studies","10.17005","23","1","24"
"Korean Society of Adapted Physical Activity and Exercise","10.17006","72","-2","70"
"Korean Lawyers Association","10.17007","33","11","44"
"Institute of Legal Studies, Sungkyunkwan University","10.17008","11","3","14"
"The Shakespeare Association of Korea","10.17009","50","1","51"
"International Society for Neurofeedback Research (ISNR)","10.15540","47","19","66"
"Shanghai Institute of Ceramics","10.15541","243","245","488"
"Schleuen Verlag","10.15542","9","-2","7"
"Max Weber Studies","10.15543","139","8","147"
"Aleksandras Stulginskis University (ID 6161)","10.15544","77","6","83"
"Japanese Political Science Review","10.15545","2","0","2"
"Technical University of Kosice, Faculty of Electrical Engineering and Informatics","10.15546","105","-2","103"
"Trakia University","10.15547","73","22","95"
"Institut Agama Islam Negeri (IAIN) Imam Bonjol Padang","10.15548","1","0","1"
"Journal of Eastern European and Central Asian Research","10.15549","11","-1","10"
"Mars Informatics","10.1555","171","142","313"
"Scireps Corporation","10.15550","27","-7","20"
"Alexandru Ioan Cuza University","10.15551","0","0","0"
"Revista de Ensino de Engenharia","10.15552","42","2","44"
"Society of Conservatoire at Jardin Botaniques de la Ville de Geneve","10.15553","351","46","397"
"Precast/Prestressed Concrete Institute","10.15554","4403","1656","6059"
"i-das","10.15556","12","-1","11"
"Medical Communications Sp. z.o.o.","10.15557","194","61","255"
"Fundacion para el Analisis Estrategio y Desarrollo de la Pequena y Mediana Empresa (FAEDPYME)","10.15558","6","0","6"
"VTeX (ID 6186)","10.15559","34","10","44"
"Editora Cubo Multimidia","10.4322","3371","539","3910"
"Romanian Society of Legal Medicine","10.4323","268","112","380"
"Faculdades Catolicas","10.17771","19","-3","16"
"VM Media SP. zo.o VM Group SK","10.17772,10.5603","6382","2567","8949"
"Considering Disability Journal","10.17774","1","0","1"
"Power System Technology Press","10.17775","615","116","731"
"Cumhuriyet University Sciences Journal","10.17776","12","1","13"
"Center for World Mission","10.17778","1","0","1"
"Korean Academy of Oral and Maxillofacial Pathology","10.17779","11","3","14"
"Kahramanmaras Sutcu Imam University Journal of Engineering Sciences","10.17780","0","0","0"
"The Society of Digital Information and Wireless Communications (SDIWC)","10.17781","123","-5","118"
"S/N Korean Humanities","10.17783","1","0","1"
"Pro Ciencia Periodicos Cientificos","10.17784","13","3","16"
"Korean Securities Law Association","10.17785","1","0","1"
"EManuscript Services","10.5530","1419","606","2025"
"American Museum of Natural History","10.5531","63","5","68"
"Korean Society of Agricultural and Forest Meteorology","10.5532","709","55","764"
"Editora da Universidade Federal Fluminense","10.5533","102","-15","87"
"Korean Society for Sexual Medicine and Andrology (KAMJE)","10.5534","721","331","1052"
"Korean Academy of Rehabilitation Medicine","10.5535","2767","876","3643"
"The Korean Society of Poultry Science","10.5536","666","27","693"
"Edentata","10.5537","138","32","170"
"Editorial Glosa, S.L.","10.5538","4","17","21"
"Steklov Mathematical Institute","10.4213","30584","990","31574"
"Mercator - Revista de Geografia da UFC","10.4215","90","-28","62"
"The Philosophy of Science Society, Japan","10.4216","17","1","18"
"Korea Ocean Research and Development Institute","10.4217","1258","299","1557"
"Norwegian Nurses Organisation","10.4220","180","26","206"
"Japan Society of Family Sociology","10.4234","197","-62","135"
"The Korean Geriatrics Society","10.4235","386","29","415"
"The Minerals, Metals and Materials Society","10.7449","2676","612","3288"
"Canadian Society for Bioengineering","10.7451","15","12","27"
"Astro, Ltd.","10.7452","584","350","934"
"Global Advances in Health and Medicine","10.7453","1019","316","1335"
"Universitas Indonesia, Directorate of Research and Public Service","10.7454","121","27","148"
"ISEKI Food Association","10.7455","106","40","146"
"Turkish Online Journal of Design, Art and Communication (TOJDAC)","10.7456","19","1","20"
"Cellular and Molecular Exercise Physiology","10.7457","23","5","28"
"Centro de Investigacao e Estudos de Sociologia (CIES-IUL)","10.7458","20","2","22"
"James Nicholas Publishers","10.7459","757","93","850"
"The Journal of Tourism and Research","10.7460","0","0","0"
"Korean Society of Cerebrovascular Surgeons/Korean Society of Endovascular Surgery (KAMJE)","10.7461","487","239","726"
"Associated Management Consultants,  PVT., Ltd.","10.17010","113","12","125"
"Jyvaskyla University Library","10.17011","583","114","697"
"Marketing Aumentado","10.17012","144","-131","13"
"AISTI","10.17013","10","-2","8"
"Indonesian Journal on Geoscience","10.17014","30","5","35"
"International Ataturk Alatoo University","10.17015","29","5","34"
"Board of Governors of the Federal Reserve System","10.17016","80","27","107"
"Journal of Fisheries","10.17017","41","9","50"
"Croatian Conservation Institute","10.17018","0","0","0"
"Journal of Anatolia Nursing and Health Sciences","10.17049","0","0","0"
"Kafkas University Faculty of Divinity Review","10.17050","0","0","0"
"Ilkogretim Online","10.17051","9","-1","8"
"The Korean Society of Contemporary European Studies","10.17052","10","2","12"
"Korean Consumption Culture Association","10.17053","182","3","185"
"The Medieval and Early Modern English Studies Association of Korea","10.17054","4","0","4"
"The Society of Korean Practical Arts Education","10.17055","56","22","78"
"The Donam Language and Literature","10.17056","7","2","9"
"Korean Association for History of Modern Art","10.17057","0","0","0"
"APESC - Associacao Pro-Ensino em Santa Cruz do Sul","10.17058","46","13","59"
"Institute of Economics of the Ural Branch of the RAS","10.17059","131","9","140"
"Asociacion INFAD","10.17060","19","5","24"
"Intellectual Property Association of Japan","10.2321","6","0","6"
"Japan Society for Aeronautical and Space Sciences","10.2322","3539","617","4156"
"Indiana University Mathematics Journal","10.1512","21041","19329","40370"
"Nordic Council of Ministers","10.6027","362","37","399"
"Universidade Federal do Parana","10.5380","3650","41","3691"
"Mammal Research Institute","10.4098","9520","3048","12568"
"Mathematical Society of Japan (JST)","10.4099","360","491","851"
"Journal of Human Sport and Exercise","10.4100","568","93","661"
"Virtual Worlds Institute, Inc.","10.4101","54","-45","9"
"Revista Brasileira de Pesquisa Auto Biografica","10.31892","0","0","0"
"JABB - Journal of Animal Behaviour and Biometeorology (ID 17171)","10.31893","0","0","0"
"The Korea Rural Sociological Society","10.31894","0","0","0"
"Instituto de Pesca - APTA - SAA","10.31898","0","0","0"
"Czech Geological Society","10.3190","286","208","494"
"Kamla Raj Enterprises (ID 17071)","10.31901","0","0","0"
"Faculty of Philology - University of Montenegro","10.31902","0","0","0"
"Faculty of Islamic Studies - University of Muhammadiyah Jakarta","10.31904","0","0","0"
"International Seismological Centre","10.31905","0","0","0"
"Universidad Catolica de Pereira","10.31908","0","0","0"
"Japanese Society for Thermal Medicine","10.3191","455","151","606"
"Universidad de Ciencias Aplicadas Y Ambientales - UDCA","10.31910","0","0","0"
"Vinogradov Russian Language Institute of the Russian Academy of Sciences","10.31912","0","0","0"
"ScholarGen Publishers","10.31916","0","0","0"
"LLC Center TOMM","10.31917","0","0","0"
"Soran University","10.31918","0","0","0"
"Colegio de Profesionales del Trabajo Social de Puerto Rico","10.31919","0","0","0"
"Japan Society for Immunology of Reproduction","10.3192","11","5","16"
"Adonis and Abbey Publishers","10.31920","1","-1","0"
"Fundacion Universitaria San Pablo CEU (ID 17207)","10.31921","0","0","0"
"Natural Resources and Sustainable Development Journal - NRSDJ","10.31924","0","0","0"
"Societatea de Stiinte Farmaceutice din Romania","10.31925","0","0","0"
"Chetverta Кhvylia","10.31928","0","0","0"
"Asiatic Research Institute Korea University","10.31930","0","0","0"
"STKIP Persada Khatulistiwa","10.31932","0","0","0"
"Universitas Muhammadiyah Palu","10.31934","0","0","0"
"Universitas Multimedia Nusantara","10.31937","0","0","0"
"Universitas Nusa Bangsa","10.31938","0","0","0"
"AIS Educator Association","10.3194","54","-2","52"
"Forum Pengelola Jurnal Manajemen","10.31940","0","0","0"
"All-Russia Research Institute of Oil Crops by Pustovoit V.S.","10.25230","0","0","0"
"The Korea Association of Primary English Education","10.25231","0","0","0"
"A Laboratory of Korean Studies","10.25232","0","0","0"
"ICLEL Confernce","10.25233","0","0","0"
"Faculty of Law Josip Juraj Strossmayer University of Osijek (ID 10873)","10.25234","0","0","0"
"Scientific Synergy LLC","10.25235","0","0","0"
"Francis Academic Press Ltd.","10.25236","0","0","0"
"American College of Medical Physics (ACMP)","10.1120","7849","3477","11326"
"Smart Science and Technology, LLC","10.14800","226","-8","218"
"Korean Institute of Information Technology","10.14801","195","2","197"
"The Korean Movement Disorder Society","10.14802","483","155","638"
"Vensel Publications","10.14805","8","6","14"
"EMBnet Stichting","10.14806","1927","517","2444"
"Independent Journal of Management and Production","10.14807","40","6","46"
"Associacao Sergipana de Ciencia","10.14808","3","0","3"
"University of Texas at San Antonio","10.14809","13","14","27"
"Wireilla Scientific Publications","10.14810","127","5","132"
"The Swedish Institute for Children's Books","10.14811","4","0","4"
"Cukurova University Faculty of Education Journal","10.14812","4","0","4"
"International Biophilia Rehabilitation Academy","10.14813","40","2","42"
"Korean Society for Dental Materials","10.14815","65","1","66"
"National Youth Policy Institute","10.14816","80","10","90"
"The Japanese Language Association of Korea","10.14817","1","0","1"
"The Korean Society for Augmentative and Alternative Communication","10.14818","13","0","13"
"Korean Society for Correction Service","10.14819","0","0","0"
"Maxwell Scientific Publication Corp.","10.19026","867","154","1021"
"Dental Hypotheses","10.5436","15","6","21"
"The Industrial Research Interchange","10.5437","1040","239","1279"
"Japan Health Physics Society","10.5453","684","308","992"
"Indonesian Society for Microbiology","10.5454","152","58","210"
"ScopeMed International Medical Journal Management and Indexing System","10.5455","7898","2040","9938"
"Stefan cel Mare University of Suceava","10.4316","1886","175","2061"
"Medicina Oral, S.L.","10.4317","5712","2357","8069"
"Turkish Society of Gastroenterology","10.4318","1100","455","1555"
"EDIPUCRS","10.15448","567","-24","543"
"WorldAcademics, BOSON Academic Publishers","10.15449","2","0","2"
"Servicios Ecologicos y Cientificos SA de CV","10.15450","1","0","1"
"Universidade Estadual da Paraiba/Universidade Federal Rural de Pernambuco (Ethnobiology and Conservation)","10.15451","88","-31","57"
"University of Ostrava","10.15452","38","16","54"
"WMU Department of Occupational Therapy","10.15453","108","-2","106"
"University of Natural Resources and Life Sciences BOKU Vienna","10.15504","8","4","12"
"Gem-A","10.15506","754","374","1128"
"National Research Mordovia State University MRSU","10.15507","8","3","11"
"United Publication for Health and Tech Research","10.15509","0","0","0"
"Journals of Biomedical Presentations Smart Sci Solutions, Inc.","10.15510","0","0","0"
"Turkish Family Physicans Association","10.15511","2","1","3"
"Journal of Ecophysiology and Occupational Health","10.15512","1","2","3"
"Association of Asian Art History","10.15513","0","0","0"
"Institute for System Programming of the Russian Academy of Sciences","10.15514","133","8","141"
"Society of Education","10.15515","0","0","0"
"Faculty of Teacher Education, University of Zagreb","10.15516","14","3","17"
"Universidad de Costa Rica","10.15517","2215","397","2612"
"Duncker & Humblot GmbH","10.3790","4096","310","4406"
"Associacao Educacional de Vitoria","10.5008","3","0","3"
"The Editorial Office of Gut and Liver (ID 2920)","10.5009","6029","1639","7668"
"The Korean Society for Plant Biotechnology (ID 2921)","10.5010","777","94","871"
"Korean Chemical Society","10.5012","26128","19985","46113"
"National Bureau of Economic Research","10.3386","38088","9602","47690"
"Japanese Society of Eucommia","10.3387","19","11","30"
"Japanese Society of Pediatric Allergy and Clinical Immunology","10.3388","386","72","458"
"AICIT","10.4156","3841","826","4667"
"American Dairy Science Association","10.3168","375718","199891","575609"
"Gaziantep Universitesi Spor Bilimleri Dergisi (ID 16831)","10.31680","0","0","0"
"Journal of Educational Technology and Online Learning (ID 16833)","10.31681","0","0","0"
"Ayna Klinik Psikoloji Dergisi (ID 16834)","10.31682","0","0","0"
"Escola de Psicanalise dos Foruns do Campo Lacaniano","10.31683","0","0","0"
"International Journal for Innovation Education and Research","10.31686","0","0","0"
"Sociedad Argentina para el Estudio de los Mamiferos","10.31687","0","0","0"
"Uniunea Medicala Balcanica","10.31688","0","0","0"
"CMMB-Colegiul Medicilor Municipiul Bucuresti","10.31689","0","0","0"
"Korea Productivity Association","10.15843","92","9","101"
"Pediatric Neurology Briefs Publishers","10.15844","56","21","77"
"Universtity of Bergen Library","10.15845","389","87","476"
"KYEESHA, Ltd.","10.15846","2","0","2"
"Instituto Universitario de Lisboa (ISCTE-IUL)","10.15847","10","0","10"
"Sociedade Brasileria de Teoria e Historia de Historiografia","10.15848","1","0","1"
"Alzaytoonah University of Jordan","10.15849","34","7","41"
"Sociedade Brasileira de Computacao - SB","10.5753","263","-73","190"
"Update Medical Publishing","10.5754","923","184","1107"
"Publishing House Technologija","10.5755","2828","551","3379"
"The Korean Vacuum Society","10.5757","600","-65","535"
"The Korean Society for Vascular Surgery (ID 3737)","10.5758","124","35","159"
"The Japan Society of Computer Aided Surgery","10.5759","52","14","66"
"Japan Association for Comparative Economic Studies","10.5760","19","6","25"
"NeuroQuantology Journal","10.14704","503","41","544"
"Research-Publishing.net (ID 5722)","10.14705","382","1","383"
"International Burch University","10.14706","55","14","69"
"Asia Business Research Group","10.14707","39","11","50"
"Polish Mathematical Society","10.14708","21","4","25"
"SECEMU","10.14709","3","0","3"
"Institute of Research and Community Services Diponegoro University (LPPM UNDIP)","10.14710","263","60","323"
"The Hong Kong University of Science and Technology Library","10.14711","127","128","255"
"The American Schools of Oriental Research","10.5615","418","107","525"
"Asociacion Espanola de Fitosociologia (AEFA)","10.5616","25","5","30"
"University of Oslo Library","10.5617","472","95","567"
"Canadian Centre of Academic Art and Science","10.5618","63","58","121"
"The Korean Society of Environmental Health and Toxicology (KAMJE)","10.5620","412","253","665"
"SF-TH, Inc.","10.5621","76","-36","40"
"Canadian Institute of Geomatics","10.5623","152","29","181"
"Korean Academy of Oral and Maxillofacial Radiology (KAMJE)","10.5624","869","339","1208"
"Korean Association for Laboratory Animal Science (KAMJE)","10.5625","965","369","1334"
"Korean Institute of Information Scientists and Engineers","10.5626","825","138","963"
"The Korean Academy of Clinical Electrophysiology","10.5627","19","0","19"
"Faculdade de Desporto","10.5628","383","43","426"
"Japanische Hegel-Gesellschaft","10.5629","0","0","0"
"Waterbird Society","10.1675","5753","1277","7030"
"Wilson Ornithological Society","10.1676","6370","1634","8004"
"Universitas Pekalongan","10.31941","0","0","0"
"Universitas Wahid Hasyim Semerang","10.31942","0","0","0"
"Universitas Wiralodra","10.31943","0","0","0"
"Islamabad Policy Research Institute - IPRI","10.31945","0","0","0"
"persist.ed","10.31946","0","0","0"
"Fakultas Ilmu Sosial dan Ilmu Politik Universitas Hasanuddin (ID 17239)","10.31947","0","0","0"
"Croatia Scientific Society for the History of Health Culture","10.31952","0","0","0"
"LPPM STIE Muhammadiyah Bandung","10.31955","0","0","0"
"P3M Politeknik Negeri Ambon","10.31959","0","0","0"
"Vittorio Klostermann GMBH","10.3196","380","0","380"
"ILIN Institute","10.31960","0","0","0"
"P3M Politeknik Negeri Banjarmasin","10.31961","0","0","0"
"Politeknik Negeri Subang","10.31962","0","0","0"
"Politeknik Negeri Ujung Pandang","10.31963","0","0","0"
"Politeknik Kementerian Kesehatan Banjarmasin","10.31964","0","0","0"
"STIE Malang Kucecwara (ID 17248)","10.31966","0","0","0"
"Balai Penelitian dan Pengembangan Agama Makassar","10.31969","0","0","0"
"White Horse Press","10.3197","5294","2549","7843"
"Fakultas Pertanian Universitas Alkhariaat","10.31970","0","0","0"
"The Society for Basic Medical Sciences","10.31975","0","0","0"
"Griot Revista de Filosofia","10.31977","0","0","0"
"San Jose State University Library","10.31979","0","0","0"
"Institut Pendidikan Indonesia","10.31980","0","0","0"
"Poltekkes Kemenkes Semarang","10.31983","0","0","0"
"The Society Chinese Literature","10.31985","0","0","0"
"Science Trends (ID 17269)","10.31988","9","0","9"
"Functional Food Center","10.31989","3","5","8"
"International Society of Chromosome Botany","10.3199","310","54","364"
"Revista Agenda Politica","10.31990","0","0","0"
"Revista de Odontologia Contemporanea - ROC","10.31991","0","0","0"
"Moscow Polytechnic University (ID 17302)","10.31992","0","0","0"
"Instituto Vianna Junior Ltda","10.31994","0","0","0"
"Anu Books","10.31995","0","0","0"
"Ukrainian State Geological Research Institute","10.31996","0","0","0"
"The Republican Research and Practical Center for Pediatric Surgery","10.31997","0","0","0"
"AITO - Association Internationale pour les Technologies Objets","10.5381","2705","494","3199"
"Society of Economic Geologists","10.5382","89","56","145"
"International Association for Sharing Knowledge and Sustainability","10.5383","306","-22","284"
"Norwegian Association of Optometry","10.5384","5","0","5"
"The Korean Society of Neonatology","10.5385","262","12","274"
"The Fukushima Society of Medical Science","10.5387","563","187","750"
"Korean Oncology Nursing Society (KAMJE)","10.5388","661","18","679"
"The Korean Society of Agricultural Engineers","10.5389","858","-54","804"
"Sustainable Building Research Center","10.5390","85","47","132"
"Korean Institute of Intelligent Systems","10.5391","2471","43","2514"
"The Korea Contents Association","10.5392","4463","56","4519"
"Creative Decisions Foundation","10.13033","66","13","79"
"Journal of Student Science and Technology","10.13034","7","2","9"
"Instituto de Estudios Auriseculares","10.13035","7","0","7"
"Society of Glass Technology","10.13036","41","71","112"
"USCS Universidade Municipal  de Sao Caetano do Sul","10.13037","13","4","17"
"International Journal of Pharmaceutical Sciences and Research","10.13040","76","8","84"
"The Korean Society of Preventive Veterinary Medicine","10.13041","18","5","23"
"Sociedad Espanola de Pedagogía","10.13042","35","6","41"
"International Centre for Sustainable Development of Water","10.13044","111","220","331"
"Korean Acupuncture ande Moxibustion Medicine Society","10.13045","357","15","372"
"Northeast Brazilian Health Journal","10.13046","0","0","0"
"Korea Society of Environment and Ecology","10.13047","145","8","153"
"The Society of Korean Medicine","10.13048","148","23","171"
"The Korean Family Welfare Association","10.13049","62","-3","59"
"National Shellfisheries Association","10.2983","7331","2995","10326"
"Pacific Science","10.2984","1910","434","2344"
"Cactus and Succulent Society of America","10.2985","362","68","430"
"Scandinavian University Press / Universitetsforlaget AS","10.18261","169","8","177"
"Graduate School of Science, Moscow University of Finance and Law","10.18262","0","0","0"
"St. Mary's College of California","10.18263","1","0","1"
"Fundacao CECIERJ","10.18264","2","0","2"
"Instituto Federal de Educacao, Ciencia e Tecnologia da Paraiba","10.18265","4","1","5"
"University of Economics","10.18267","895","156","1051"
"Association of Slovenian Dermatovenerologists","10.15570","23","4","27"
"Encuentros/Encounters/Rencontres on Education","10.15572","16","1","17"
"Group of Companies Med Expert, LLC","10.15574","6","1","7"
"Sunan Gunung Djati State Islamic University of Bandung","10.15575","11","1","12"
"The University of Agriculture in Krakow","10.15576","69","18","87"
"Sedam Sunchang Foundation","10.15577","9","0","9"
"Agency for Marine and Fisheries Research and Development","10.15578","123","35","158"
"Science Gate Publishing PC","10.15579","38","6","44"
"Korean Society of Nursing Science (KAMJE)","10.4040","7295","2114","9409"
"Korean Association of Orthodontists (KAMJE)","10.4041","1166","563","1729"
"Online Journal of Music Sciences (ID 17043)","10.31811","0","0","0"
"Kryvyi Rih State Pedagogical University","10.31812","0","0","0"
"Kantor Bahasa Maluku Utara","10.31813","0","0","0"
"National University of Civil Engineering (NUCE)","10.31814","0","0","0"
"German Academic Exchange Service (DAAD)","10.31816","0","0","0"
"Agricultural University Press","10.31817","0","0","0"
"Institute of Indian Studies","10.21587","34","1","35"
"Institute for Social Development and Policy Research","10.21588","132","14","146"
"Legal Research Institute of Ajou University","10.21589","11","1","12"
"MRI Books","10.21590","0","0","0"
"The Korean Society for Western Medieval History","10.21591","0","0","0"
"Korean Society for Head and Neck Oncology","10.21593","0","0","0"
"JVE International Ltd. (ID 9051)","10.21595","341","72","413"
"Journal of the Institute of Science and Technology","10.21597","12","1","13"
"Korea Proprioceptive Neuromuscular Facilitation Association","10.21598","0","0","0"
"Alternatives: Turkish Journal of International Relations","10.21599","3","0","3"
"International Journal of Kurdish Studies","10.21600","3","0","3"
"Ortadogu Medical Journal","10.21601","0","0","0"
"Art-E Sanat Dergisi","10.21602","0","0","0"
"Kemerovo State University (ID 9053)","10.21603","5","0","5"
"Revista Moringa - Artes do Espetaculo","10.21604","1","0","1"
"Cukurova Universitesi Muhendislik-Mimarlik Fakultesi Dergisi","10.21605","2","1","3"
"Global Business Association","10.21607","0","0","0"
"Egypts Presidential Specialized Council for Education and Scientific Research","10.21608","171","102","273"
"Instituto Nazionale di Geofisica e Vulcanologia, INGV","10.4401","57","4","61"
"American Cancer Society (ID 1849)","10.3322","114134","67261","181395"
"Japan Society of Corrosion Engineering","10.3323","2336","1029","3365"
"Southern Economic Association","10.4284","1268","502","1770"
"The Korean Society for Transplantation (KAMJE)","10.4285","149","31","180"
"Japanese Society of Medical Instrumentation","10.4286","36","0","36"
"Japan Society of Photogrammetry and Remote Sensing","10.4287","527","90","617"
"The Japan Association for Philosophy of Science","10.4288","85","18","103"
"Entomological Society of Washington","10.4289","933","92","1025"
"The Society of Laparoendoscopic Surgeons","10.4293","3505","1368","4873"
"Seismological Society of Japan","10.4294","8161","5809","13970"
"Coventry University, Lanchester Library","10.18552","71","13","84"
"Academy of Managed Care Pharmacy","10.18553","3345","1067","4412"
"Universidade Federal do Triangulo Minero","10.18554","16","0","16"
"Korean Institute of Cultural Product Art and Design","10.18555","0","0","0"
"Digital Surgery Limited","10.18556","0","0","0"
"Fundacion Ignacio Larramendi","10.18558","3","3","6"
"Poznan University of Economics","10.18559","23","2","25"
"Cukurova Arastirmalari Dergisi","10.18560","0","0","0"
"Revista Biota Amazonia","10.18561","270","-34","236"
"Universidad Metropolitana","10.18562","9","2","11"
"Association Palaeovertebrata","10.18563","227","116","343"
"Journal of Artificial Societies and Social Simulation","10.18564","1157","372","1529"
"Bionika Media","10.18565","164","29","193"
"Universidad Pontificia Bolivariana","10.18566","9","1","10"
"Sociedad Espanola de Bioquimica y Biologia Molecular (SEBBM)","10.18567","0","0","0"
"Escola Superior de Propaganda e Marketing (ESPM)","10.18568","11","2","13"
"Nucleo de Estudos em Saude Publica","10.18569","37","1","38"
"Universidade Iguacu - Campus V","10.18571","5","1","6"
"The Publishing Group Jurist","10.18572","2","0","2"
"Cardiff University Press","10.18573","38","1","39"
"The Japanese Society for Comparative Physiology and Biochemistry","10.3330","46","6","52"
"Cancer Intelligence","10.3332","772","222","994"
"ORNL Environmental Sciences Division","10.3334","567","150","717"
"Korean Association of Medical Journal Editors (KAMJE)","10.3335","0","0","0"
"University of Zagreb, Department of Mathematics","10.3336","515","233","748"
"Anatomische Gesellschaft","10.3337","1","1","2"
"Korean Society for Cytopathology (KAMJE)","10.3338","18","5","23"
"Korean Society of Pediatric Nephrology","10.3339","158","41","199"
"Korean Neurosurgical Society","10.3340","6491","2762","9253"
"Architectural Institute of Japan","10.3130","11641","7301","18942"
"Research Trends, Ltd.","10.31300","0","1","1"
"Institute of Biochemistry and Genetrics, UFRC RAS","10.31301","0","0","0"
"Zavod za Istrazivanje i Razvoj Sigurnosti","10.31306","0","0","0"
"Korea Society for Sport Management","10.31308","2","0","2"
"The Association for the Study of the Korean History of Thought","10.31309","0","0","0"
"The Vacuum Society of Japan","10.3131","1835","1153","2988"
"National Council of Teachers of Mathematics","10.5951","1814","243","2057"
"Korean Society of Muscle and Joint Health","10.5953","346","10","356"
"Society of Rheology","10.1122","52808","47208","100016"
"University of California, Berleley, Library","10.21433","12","1","13"
"Revista de Governanca Corporativa","10.21434","0","0","0"
"Suomalaisen Kirjallisuuden Seura","10.21435","94","-51","43"
"Instituut voor Natuur- en Bosonderzoek (INBO)","10.21436","0","0","0"
"International Speech Communication Association","10.21437","1709","163","1872"
"Revista Brasileira de Gestao Ambiental e Sustentabilidade","10.21438","1","2","3"
"IFCE","10.21439","0","0","0"
"Newlands Press Ltd (ID 2641)","10.2144,10.4155","49892","27204","77096"
"Royal Swedish Academy of Sciences","10.1238,10.1579","28398","18446","46844"
"Applied Probability Trust","10.1239","12674","6467","19141"
"Japan Science and Technology Agency (JST)","10.1241","944","27","971"
"Fundacao Getulio Vargas","10.12660","294","53","347"
"Instituto Agronomico de Pernambuco","10.12661","4","1","5"
"Instituto para o Desenvolvimento da Educacao","10.12662","18","8","26"
"SZVT Research and Development Center","10.12663","0","1","1"
"Mycobiota","10.12664","29","1","30"
"BioProcessing Journal","10.12665","397","205","602"
"Japanese Society for Histocompatibility and Immunogenetics","10.12667","21","28","49"
"Institute for Policy Studies and Social Innovation, University of Hyogo","10.12668","16","5","21"
"Pakistan Journal of Medical Sciences","10.12669","864","242","1106"
"Japan Society of Histochemistry & Cytochemistry","10.1267","5645","3636","9281"
"The Korean Fracture Society (KAMJE)","10.12671","1127","42","1169"
"Korea Risk Management Society","10.21480","32","0","32"
"The Japanese Culture Association of Korea","10.21481","1","1","2"
"Korean Society for Buddhist Studies","10.21482","11","2","13"
"Association for International Tea Culture","10.21483","0","0","0"
"Korean Review of Organizational Studies","10.21484","29","3","32"
"Center for Southeast Asian Studies, HUFS","10.21485","67","1","68"
"Recreation","10.21486","0","0","0"
"The Institute for Basic Social Science","10.21487","0","0","0"
"Journal of Caucasian Studies","10.21488","0","0","0"
"Korean Association of Health anad Medical Sociology","10.21489","3","2","5"
"Japanese Society of Tropical Medicine","10.2149","1556","552","2108"
"The Society for Studies of Korean History","10.21490","0","0","0"
"Mnemosine Revista","10.21491","0","0","0"
"Inonu Universitesi Hukuk Fakultesi Dergisi (ID 8929)","10.21492","0","0","0"
"Korean Society for Computer Game","10.21493","0","0","0"
"ISTE OpenScience","10.21494","4","1","5"
"Ustav Teoreticke a Aplikovane Mechaniky AC CR","10.21495","0","1","1"
"Selcuk Universitesi Edebiyat Fakultesi Dergisi","10.21497","2","0","2"
"Ukrainian Institute for Plant Variety Examination","10.21498","3","0","3"
"Moscow Region University of Technology (UNITECH) (ID 8940)","10.21499","0","0","0"
"Oregon Historical Society","10.5403","25","1","26"
"Chinese Civilisation Centre","10.5404","0","0","0"
"Taiwanese Society of Biomedical Engineering","10.5405","1352","363","1715"
"European Journal of Research in Dentistry","10.12990","2","0","2"
"Marmara Pharmaceutical Journal","10.12991","116","97","213"
"International Language, Literature and Folklore Researches Journal","10.12992","0","0","0"
"Bilig, Journal of Social Sciences of Turkish World","10.12995","17","0","17"
"The Korean Institute of Electrical and Electronic Material Engineers","10.4313","1645","539","2184"
"Massage Therapy Foundation","10.3822","4","2","6"
"International Medical Publisher (Fundacion de Neurociencias)","10.3823","63","4","67"
"Stem Book","10.3824","100","28","128"
"Ecology and Civil Engineering Society","10.3825","357","326","683"
"Foot and Ankle Online Journal","10.3827","76","10","86"
"The Korean Hip Society (KAMJE)","10.5371","416","75","491"
"Faculty of Medicine, Chulalongkorn University (Asian Biomedicine)","10.5372","87","38","125"
"Institute of Advanced Scientific Research","10.5373","231","40","271"
"Radiologia.hu Kft","10.5374","0","0","0"
"Sophia Publishing Group, Inc.","10.5376","185","16","201"
"Latin America Journals Online","10.5377","36","4","40"
"Indiana Magazine of History","10.5378","12","2","14"
"Pacific University (bepress)","10.7772","24","3","27"
"Instituto de Investigaciones Oceanologicas","10.7773","863","1170","2033"
"Korean Vaccine Society (KAMJE)","10.7774","673","313","986"
"Revista Argentina de Cardiologia","10.7775","28","36","64"
"The Acoustical Society of Korea","10.7776","183","9","192"
"The Korean Foundrymens Society","10.7777","71","8","79"
"The Association of Korean Oriental Pediatrics","10.7778","168","11","179"
"The Korean Society of Nondestructive Testing","10.7779","149","20","169"
"The Korean Society of Remote Sensing","10.7780","516","40","556"
"Korean Society of Steel Construction","10.7781","303","-4","299"
"Korean Society for Railway","10.7782","556","15","571"
"The Korean Society of Medicinal Crop Science","10.7783","993","38","1031"
"ANPTUR - Associacao Nacional de Pesquisa e Pos Graducao em Turismo","10.7784","31","2","33"
"Adenine Press, Inc.","10.7785","953","730","1683"
"Mendel University Press","10.11118","1844","347","2191"
"CADIME Centro Andaluz de Informacion de Medicamentos","10.11119","1","0","1"
"Co. Ltd. Ukrinformnauka (ID 6225)","10.15407,10.22240","4022","157","4179"
"LP2M Universitas Islam Negeri (UIN) Syarif Hidayatullah Jakarta","10.15408","65","1","66"
"Research Institute for Early Childhood Education","10.15409","1","0","1"
"Japanese Institute of Landscape Architecture","10.5632","2495","280","2775"
"Medical Faculty, University in Nis","10.5633","59","8","67"
"The Korean Society of Systematic Zoology","10.5635","369","51","420"
"Society of Geomagnetism and Earth, Planetary and Space Sciences","10.5636","14999","8251","23250"
"Japan Association for Urban Sociology","10.5637","8","1","9"
"Geographic Information Systems Association of Japan","10.5638","129","6","135"
"Pro Pharma Communications International","10.5639","496","106","602"
"Insciences Organization","10.5640","194","113","307"
"American Alliance for Health, Physical Education, Recreation and Dance","10.5641","653","144","797"
"Journal of Harmonized Research Publications","10.30876","0","0","0"
"Desousa Foundation","10.30877","1","-1","0"
"Universidad Autonoma del Estado de Mexico (ID 12322)","10.30878","0","0","0"
"Penerbit UTHM","10.30880","0","0","0"
"Ology Journals Kft","10.30881","1","1","2"
"Balai Arkeologi Yogyakarta","10.30883","0","0","0"
"Uchitel Publishing House","10.30884","0","0","0"
"SOBEST Associacao Brasileira de Estomaterapia (ID 12340)","10.30886","0","0","0"
"Korean Association of Maritime Police Science","10.30887","0","0","0"
"Yolnat PE","10.30889","0","0","0"
"Asociatia de Geografie","10.30892","0","0","0"
"SCEEMP (ID 12343)","10.30895","0","0","0"
"ANO Veterinary Medicine Journal","10.30896","0","0","0"
"International Journal of Environment and Geoinformatics (ID 12345)","10.30897","7","0","7"
"Kotelnikov Institute of Radioengineering and Electronics of Russian Academy of Sciences","10.30898","0","0","0"
"Revista Brasileira de Direitos Fundamentais e Justica","10.30899","0","0","0"
"e-Kafkas Egitim Arastirmalari Dergisi (ID 12358)","10.30900","0","0","0"
"FSBSI FRC N.I. Vavilov All-Russian Institute of Plant Genetic Resources","10.30901","0","0","0"
"Korea Appraisal Board (ID 12354)","10.30902","0","0","0"
"Balkan Arastirma Enstitusu Dergisi (ID 12356)","10.30903","0","0","0"
"Devir Educacao","10.30905","0","0","0"
"Folium Publishing Company","10.30906","0","0","0"
"Trade Analysis and Development Agency","10.30908","0","0","0"
"Volcanica","10.30909","0","1","1"
"Turk Tarim ve Doga Bilimleri Dergisi (ID 12363)","10.30910","0","0","0"
"Yu. A. Kosygin Institute of Tectonics and Geophysics, Far Eastern Branch, RAS","10.30911","0","0","0"
"Alinteri Sosyal Bilimler Dergisi (ID 12364)","10.30913","0","0","0"
"FSBEI HE Mari State University","10.30914","0","0","0"
"Ankara Barosu Dergisi (ID 12367)","10.30915","0","0","0"
"Korean Educational Research Association","10.30916","0","0","0"
"Agentstvo Tvortheskih Tekhnologiy","10.30917","0","0","0"
"BRNSS Publication Hub","10.22377","8","0","8"
"Sh.Marjani Institute of History of Tatarstan Academy of Sciences","10.22378","1","0","1"
"Asociacion Colombiana de Neurologia","10.22379","10","6","16"
"Instituto Colombiano de Antropologia e Historia (ICANH)","10.22380","28","6","34"
"Addleton Academic Publishers","10.22381","269","22","291"
"Universidad Catolica de Manizales","10.22383","0","0","0"
"Journal of Communications Technology, Electronics and Computer Science (JCTECS)","10.22385","11","5","16"
"Universidad Cientifica del Peru","10.22386","5","7","12"
"Capacious: The Journal for Emerging Affect Inquiry","10.22387","0","0","0"
"Departamento de Psicobiologia - UNIFESP","10.22388","0","0","0"
"FSBI Center of Geodesy, Cartography, and SDI","10.22389","7","4","11"
"Family Practice and Palliative Care","10.22391","0","1","1"
"Suleyman Demirel Universitesi Egirdir Su Urunleri Fakultesi Dergisi","10.22392","1","0","1"
"The Russian Presidential Academy of National Economy and Public Administration (ID 9677)","10.22394","7","-1","6"
"Universidad de Medellin","10.22395","30","1","31"
"Marmara Universitesi Spor Bilimleri Dergisi","10.22396","0","0","0"
"Wonkwang University Legal Research Institute","10.22397","0","0","0"
"ESPM Rio de Janeiro","10.22398","0","0","0"
"International Journal of Computational and Experimental Science and Engineering (IJCESEN)","10.22399","2","0","2"
"Consejo de la Juventud de Extremadura","10.22400","0","0","0"
"Journal of Al-Nahrain University-Science","10.22401","90","-5","85"
"UNAM Facultad de Estudios Superiores Iztacala","10.22402","0","0","0"
"Universidad de Quintana Roo","10.22403","6","0","6"
"FSBEIHE Tula State Lev Tolstoy Pedagogical University (ID 9694)","10.22405","0","1","1"
"Science and Business Publishing UK Ltd.","10.22406","0","0","0"
"Instituto Federal de Educacao Ciencia e Tecnologia do Rio de Janeiro - IFRJ","10.22407","0","0","0"
"Instituto de Cultura Tecnica Sociedade Civil Ltda","10.22408","0","1","1"
"Pro Reitoria de Pesquisa, Pos Graduacao e Inovacao - UFF","10.22409","13","-1","12"
"Editora Univates","10.22410","0","0","0"
"REDE – Revista Eletronica do PRODEMA","10.22411","2","0","2"
"Russian State University of Tourism and Service (ID 9710)","10.22412","7","-1","6"
"International Food Policy Research Institute (IFPRI)","10.2499","168","19","187"
"The Association of Indonesian Nurse Education Center","10.24990","0","0","0"
"Korean Association of Human Resource Development","10.24991","0","0","0"
"Korean Hospitality and Tourism Academy","10.24992","1","0","1"
"The Korea Association of Literature for Children and Young Adults","10.24993","0","0","0"
"European Centre for Governance in Complexity","10.24994","0","0","0"
"University of Baghdad College of Science","10.24996","0","0","0"
"Korean Agricultural Economics Association","10.24997","0","0","0"
"Mehmet Akif Ersoy Universitesi Saglik Bilimleri Dergisi","10.24998","0","0","0"
"International Journal of Advanced Engineering and Management (IJOAEM)","10.24999","2","0","2"
"Oceanside Publications Inc.","10.2500","29975","15295","45270"
"Archives of Clinical and Experimental Medicine","10.25000","1","0","1"
"Turk Immunoloji Dernegi","10.25002","1","0","1"
"International Journal of Pharmaceutical Sciences and Drug Research","10.25004","3","1","4"
"Avicenna Tajik State Medical University","10.25005","0","0","0"
"Austrian Pharmacological Society  (APHAR)","10.25006","1","1","2"
"Nawroz University","10.25007","1","0","1"
"Jurnal Komuniksi ISKI","10.25008","0","0","0"
"Universidad Vercruz","10.25009","0","0","0"
"WARC Limited","10.2501","15440","2877","18317"
"Canadian Society for Clinical Investigation","10.25011","1815","1500","3315"
"Universal Researchers","10.17758","8","0","8"
"Federal State-Financed Educational Institution of Higher Education Moscow State University of Psychology and Education (ID 7555)","10.17759","50","-7","43"
"Northeastern University Libraries","10.17760","2","0","2"
"International Association of Yoga Therapists","10.17761","33","22","55"
"Auricle Technologies, Pvt., Ltd.","10.17762","52","16","68"
"Harvard Education Publishing Group","10.17763","38611","4094","42705"
"Institute of Environmental Sciences and Technology (IEST)","10.17764","170","104","274"
"Centro Universitario de Maringa","10.17765","20","9","29"
"Raizes e Amidos Tropicais/Tropical Roots and Starches","10.17766","2","-1","1"
"Panorama of Brazilian Law","10.17768","1","1","2"
"Rezekne Academy of Technologies","10.17770","61","16","77"
"Anthropological Society of Nippon","10.1537","4835","1666","6501"
"Marmara Universitesi Ilahiyat Fakultesi Dergisi","10.15370","0","0","0"
"Publishing House SB RAS","10.15372","64","-35","29"
"The Global Journals","10.15373","661","86","747"
"Cornell SEAP","10.5728","25","7","32"
"Information Engineering Research Institute","10.5729","3","0","3"
"Parenteral Drug Association, Inc.","10.5731","462","393","855"
"Editorial Office of Chinese Journal of Cancer","10.5732","3897","1158","5055"
"Natal Museum of South Africa","10.5733","429","70","499"
"Korean Society of Medical Genetics (ID 3727)","10.5734","68","0","68"
"Finnish Zoological and Botanical Publishing Board","10.5735","3396","764","4160"
"Japan Association for Real Estate Sciences","10.5736","47","4","51"
"Pappin Communications","10.5737","868","277","1145"
"Japan Association for Landscape Ecology","10.5738","84","19","103"
"The Japan Fluid Power Systems Society","10.5739","835","134","969"
"The Journal of AOAC International","10.5740","2890","1900","4790"
"Allerton Press (ID 1627)","10.3103","31652","6807","38459"
"Associacao Brasileira de Pesquisadores de Jornalismo","10.25200","18","-3","15"
"Hitelintezeti","10.25201","1","0","1"
"The Association of Korean Geographers","10.25202","3","0","3"
"Journal of Behavior at Work","10.25203","0","0","0"
"Iktisadi Idari ve Siyasal Arastirmalar Dergisi","10.25204","0","0","0"
"Novosibirsk State University (NSU)","10.25205","2","0","2"
"FSB EIHE Omsk State Technical University","10.25206","3","0","3"
"Kuban State Medical University (ID 10836)","10.25207","3","0","3"
"Rossijskoe Obschestvo Dermatovenerologov i Kosmetologov (ID 10838)","10.25208","1","0","1"
"Ailamazyan Program Systems Institute of Russian Academy of Sciences (PSI RAS) (ID 10844)","10.25209","4","2","6"
"Japanese Society of Water Treatment Biology","10.2521","236","174","410"
"Scientific and Technological Center of Unique Instrumentation of RAS","10.25210","0","0","0"
"University of Engineering and Technology, Peshawar","10.25211","0","0","0"
"Lebanese French University","10.25212","4","-1","3"
"Redshine Publication","10.25215","0","0","0"
"Pusat Penelitian dan Pengembangan Hukum dan Peradilan Mahkamah Agung RI","10.25216","1","0","1"
"Institut Agama Islam Ma arif NU (IAIMNU) Metro Lampung","10.25217","0","0","0"
"African Society of Food Science and Technology","10.25218","0","0","0"
"American Physical Therapy Association (APTA)","10.2522","25169","9283","34452"
"Indonesian Nutrition Association","10.25220","0","0","0"
"Federal Scientific Center of the East Asia Terrestrial Biodiversity, FEB RAS","10.25221","2","2","4"
"Latin American Studies Association (ID 10851)","10.25222","12","4","16"
"British Cactus and Succulent Society","10.25223","313","41","354"
"The Plant Resources Center, The University of Texas at Austin","10.25224","0","0","0"
"Institute of Vertebrate Biology, Academy of Sciences of the Czech Republic","10.25225","191","35","226"
"British Ornithologists' Club","10.25226","4","1","5"
"Dutch Bryological and Lichenological Society and Nordic Bryological Society","10.25227","9","2","11"
"Gumushane Universitesi Ilahiyat Fakultesi Dergisi (GIFAD)","10.25228","0","0","0"
"Bulletin of Economic Theory and Analysis","10.25229","0","0","0"
"Society for Scientific Exploration","10.31275","0","0","0"
"Vietnam Journal of Science Technology and Engineering","10.31276","0","0","0"
"Foreign Policy Research Foundation","10.31278","0","0","0"
"Scidea Ltd.","10.3128","0","0","0"
"Institute of Korean Theological Information Network Service","10.31280","0","0","0"
"Gruenwald Laboratories","10.31281","0","0","0"
"Institut Teknologi Adhi Tama Surabaya","10.31284","0","0","0"
"Agrociencia (Uruguay)","10.31285","0","0","0"
"Towarzystwo Milosnikow Jezyka Polskiego","10.31286","0","0","0"
"Ukrainian Society of Ophthalmologists","10.31288","1","0","1"
"Universitas Medan Area","10.31289","0","0","0"
"Poltekkes Kemenkes Malang","10.31290","0","0","0"
"Puslitbang Lektur, Khazanah Keagamaan dan Manajemen Organisasi","10.31291","0","0","0"
"Sekolah Tinggi Pertanahan Nasional","10.31292","0","0","0"
"Universitas 17 Agustus 1945 Samarinda","10.31293","0","0","0"
"Knowledge Enterprise Journals","10.31296,10.18103","26","8","34"
"Institute of Public Administration Zagreb","10.31297","0","0","0"
"Hrvatsko Sumarsko Drustvo","10.31298","0","0","0"
"The Korean Society of Water and Wastewater","10.11001","158","16","174"
"The Korean Society of Food Preservation","10.11002","1861","22","1883"
"The Korean GNSS Society","10.11003","37","7","44"
"Korean Society for Advanced Composite Structures","10.11004","93","11","104"
"The Korean Society of Bone Metabolism (KAMJE)","10.11005","780","213","993"
"Tokyo Dental College","10.2209","986","666","1652"
"Korean Society of Strategic Management","10.17786","25","9","34"
"Institute of Social Science, Sogang University","10.17787","89","1","90"
"Institute of Korean Studies","10.17788","0","2","2"
"Korean Association of Socio-Historical Studies","10.17789","35","11","46"
"Korean Studies Institute","10.17790,10.15299","3","7","10"
"Institute for Cognitive Science","10.17791","167","49","216"
"Research Institute of Korean Culture","10.17792","60","1","61"
"Cesuca - Centro Ensino Superior de Cachoeirinha","10.17793","0","0","0"
"Faculty of Mining, Geology and Petroleum Engineering","10.17794","15","3","18"
"International Neuroscience Institute","10.17795","1914","321","2235"
"The Journal of Clinical Pediatric Dentistry","10.17796","3789","1453","5242"
"CSurgeries","10.17797","1","0","1"
"Bitlis Eren Universitesi Fen Bilimleri Dergisi","10.17798","0","0","0"
"Termeszetfoldrajzi Kozlemenyek Journal","10.17799","0","0","0"
"Amazonia, Organizacoes e Sustentabilidade","10.17800","6","0","6"
"Revista Brasileira de Sementes","10.17801","3448","-65","3383"
"NII KPSSZ","10.17802","7","0","7"
"Kutafin Moscow State Law University","10.17803","0","0","0"
"The Korean Society of Fisheries and Ocean Technology","10.3796","1232","48","1280"
"Osterreichische Pharmazeutische Gesellschaft (OPhG)","10.3797","2258","1405","3663"
"Theory in Action","10.3798","103","5","108"
"Editorial Office of Earth Science","10.3799","282","12","294"
"The Plankton Society of Japan/The Japanese Association of Benthology","10.3800","1086","496","1582"
"The Korean Association of Information Systems","10.5859","259","13","272"
"Indira Institute of Management, Pune","10.15410","51","-38","13"
"FUTURE - Instituto Superior de Educacao e Saude Sinop EIRELI","10.15411","1","0","1"
"Lexis Publisher","10.15412","77","8","85"
"Slovak University of Agriculture in Nitra","10.15414","191","92","283"
"Chitkara University Publications","10.15415","77","27","104"
"Indonesian Journal of Clinical Pharmacy","10.15416","3","0","3"
"Asociacion Argentina de Ortopedia y Traumatologia","10.15417","6","5","11"
"Centro de Estudios Superiores de Baja California S.C.","10.15418","0","0","0"
"Biomedical Research and Therapy","10.15419","27","9","36"
"Tokyo Institute of Technology, Department of Mathematics","10.2996","3030","2302","5332"
"Politechnika Koszalinska","10.30464","0","0","0"
"Our Language (ID 11964)","10.30515","0","0","0"
"Bilge International Journal of Science and Technology Research (ID 11963)","10.30516","0","0","0"
"Cihannuma Tarih ve Cografya Arastirmalari Dergisi (ID 11969)","10.30517","0","0","0"
"Journal of Aviation (ID 11967)","10.30518","0","0","0"
"Advances in Hospitality and Tourism Research (ID 11972)","10.30519","0","0","0"
"The Journal of Social Science (ID 11970)","10.30520","0","0","0"
"Journal of Energy Systems (ID 11968)","10.30521","2","-1","1"
"Osmanli Bilim Arastirmalari (ID 11966)","10.30522","0","0","0"
"Mutefekkir (ID 11971)","10.30523","0","0","0"
"Publishing House Baltija Publishing (ID 11982)","10.30525","2","0","2"
"College of Education for Pure Sciences Ibn Al-Haitham","10.30526","0","0","0"
"Society for Korean Literature in Classical Chinese (ID 11977)","10.30527","0","0","0"
"Association of Life-span Studies (ID 11974)","10.30528","1","0","1"
"The Aviation Management Society of Korea","10.30529","0","0","0"
"Korean Association of Slavic Languages","10.30530","0","0","0"
"Torch Trinity Center for Islamic Studies","10.30532","0","0","0"
"MIIGIAK","10.30533","0","0","0"
"The World Academy of Research in Science and Engineering","10.30534","0","0","0"
"Society for Music Theory (ID 11983)","10.30535","8","1","9"
"Indonesian National Institute of Aeronautics and Space (LAPAN)","10.30536","4","-1","3"
"Sukkur IBA University","10.30537","4","-1","3"
"Ptolemy Scientific Research Press","10.30538","10","4","14"
"Baghdad University College of Veterinary Medicine","10.30539","0","0","0"
"Kielce University of Technology","10.30540","0","0","0"
"Pakistan Institute of Developemnt Economics (PIDE)","10.30541","25","-1","24"
"The Journal of Collegiate Emergency Medical Services","10.30542","0","0","0"
"Academy of IRMBR","10.30543","0","0","0"
"Association of Metallurgical Engineers of Serbia","10.30544","5","5","10"
"Universidad Americana","10.30545","0","0","0"
"Faculty of Journalism, Lomonosov Moscow State University","10.30547","0","0","0"
"Japan Society for Vascular Failure (ID 12003)","10.30548","2","0","2"
"Editorial Committee of the Swedish Institutes at Athens and Rome (ECSI) (ID 11995)","10.30549","0","0","0"
"Fundacion Miguel Lillo","10.30550","0","0","0"
"International Journal of Spermatology","10.30551","0","0","0"
"Asociacion Universitaria de Educacion y Psicologia (ID 11998)","10.30552","46","13","59"
"Associacao Portuguesa de Sociologia","10.30553","0","0","0"
"Universidad de Manizales","10.30554","1","0","1"
"Puslitbang tekMIRA","10.30556","0","0","0"
"Progedit - Progetti Editoriali srl","10.30557","0","0","0"
"Sun Publications","10.30558","2","0","2"
"Ideas Spread","10.30560","0","0","0"
"Sinop Universitesi Sosyal Bilimler Dergisi (ID 12008)","10.30561","0","0","0"
"Uluslararasi Turk Lehce Arastirmalari Dergisi (ID 12018)","10.30563","0","0","0"
"Bilingual Publishing Co.","10.30564","0","0","0"
"Acta Medica Alanya (ID 12012)","10.30565","0","0","0"
"International Journal of Business Society","10.30566","0","0","0"
"Publicaciones Latinoamericanas SRL","10.30567","0","0","0"
"The Journal of Turkic Language and Literature Surveys (ID 12015)","10.30568","0","0","0"
"Adiyaman Universitesi Saglik Bilimleri Dergisi (ID 12019)","10.30569","0","0","0"
"The Journal of Political Philosophy and Sociology of Politics","10.30570","0","0","0"
"College Administration and Economics","10.30571","0","0","0"
"Kufa Journal of Engineering","10.30572","1","0","1"
"King Abdullah Petroleum Studies and Research Center (KAPSARC)","10.30573","0","0","0"
"GSC Online Press (ID 12033)","10.30574","0","0","0"
"Faculty of Islamic Education and Teachers Training","10.30575","1","0","1"
"Global Journal of Oral Science","10.30576","1","0","1"
"Biomedical Research Foundation","10.30577","0","0","0"
"The Institute of Medical Science, Chosun University (ID 12029)","10.30579","0","0","0"
"Korean Society of Chuna Manual Medicine Spine and Nerves","10.30581","1","0","1"
"Katonai Logisztika","10.30583","0","0","0"
"University of Dubai","10.30585","0","0","0"
"Politik Ekonomik Kuram (ID 12026)","10.30586","0","0","0"
"Universitas Muhammadiyah Gresik","10.30587","0","0","0"
"Universitas Proklamasi 45 Yogyakarta (ID 12031)","10.30588","0","0","0"
"Indonesian Association for Public Administration IAPA","10.30589","0","0","0"
"LPPM STIKES Guna Bangsa Yogyakarta","10.30590","1","0","1"
"Politeknik Harapan Bersama Tegal","10.30591","0","0","0"
"Korean Academy of Financial Consumer","10.30592","0","0","0"
"The Society of Korean Seowon","10.30594","0","0","0"
"Lembaga Publikasi Ilmiah dan Penerbitan Universitas Muhammadiyah Purwokerto (ID 12054)","10.30595","0","0","0"
"Universitas Muhammadiyah Sumatera Utara","10.30596","0","0","0"
"Fakultas Kesehatan Masyarakat Universitas Hasanuddin (ID 12065)","10.30597","0","0","0"
"Universitas Pattimura","10.30598","0","0","0"
"STKIP Nurul Huda","10.30599","0","0","0"
"Universitas Abulyatama","10.30601","0","0","0"
"Poltekkes Kemenkes Pontianak","10.30602","0","0","0"
"Institut Agama Islam Negeri Sultan Amai Gorontalo","10.30603","1","0","1"
"STIKES Aisyah Pringsewu Lampung","10.30604","0","0","0"
"Universitas Cokroaminoto Palopo","10.30605","0","0","0"
"Kocatepe Veteriner Dergisi (ID 12059)","10.30607","0","0","0"
"Journal of Experimental Techniques and Instrumentation","10.30609","0","0","0"
"Journal18","10.30610","0","0","0"
"Revista Dialectus","10.30611","0","0","0"
"Universidade Federal de Grande Dourados","10.30612","1","0","1"
"Current Research in Social Sciences (ID 12048)","10.30613","0","0","0"
"Anatolian Journal of Botany (ID 12070)","10.30616","0","0","0"
"Dialogues","10.30617","0","0","0"
"Caleidoscopio - Edicao e Artes","10.30618","1","0","1"
"Revista Pontos de Interrogacao","10.30620","2","-1","1"
"Dokuz Eyul Universitesi Saglik Bilimleri Enstitusu","10.30621","0","0","0"
"Turkish Academic Research Review (ID 12075)","10.30622","0","0","0"
"Harran Universitesi Ilahiyat Fakultesi Dergisi (ID 12071)","10.30623","0","0","0"
"Ob-Ugric Institute of Applied Researches and Development","10.30624","0","0","0"
"International Journal of Contemporary Tourism Research (ID 12079)","10.30625","0","0","0"
"TESAM Akademi (ID 12077)","10.30626","0","0","0"
"Cukurova Universitesi Ilahiyat Fakultesi Dergisi (ID 12076)","10.30627","0","0","0"
"Institute of Cinema and Television","10.30628","0","0","0"
"Politeknik Negeri Padang","10.30630","2","1","3"
"Universitas Islam Negeri (UIN) Sultan Thaha Saifuddin Jambi","10.30631","0","0","0"
"Society of Petrophysicists and Well Log Analysts (SPWLA)","10.30632","1","0","1"
"LPPM Syedza Saintika","10.30633","0","0","0"
"International Journal of Green Technology","10.30634","4","2","6"
"Journal of Agriculture Food and Development","10.30635","0","1","1"
"Center for Experimental and Behavioral Public Administration","10.30636","0","1","1"
"AMUB/Revue Medicale de Bruxelles","10.30637","3","-2","1"
"OAIMDD - EcoZone Publishing House","10.30638","51","60","111"
"Airiti Press, Inc.","10.5297","22","1","23"
"Association for Applied Psychophysiology and Biofeedback","10.5298","343","52","395"
"Surgisphere Corporation","10.5299","0","1","1"
"CSTUG","10.5300","82","0","82"
"Human Performance Consortium","10.12922","1","2","3"
"Medical University of Lublin","10.12923","36","18","54"
"Librello","10.12924","122","25","147"
"Korean Oil Chemists' Society","10.12925","70","13","83"
"American Society of Group Psychotherapy and Psychodrama (ASGPP)","10.12926","11","4","15"
"Longwoods Publishing","10.12927","7044","1299","8343"
"Universitas Ahmad Dahlan","10.12928","604","106","710"
"Journal of Literature and Science","10.12929","55","-7","48"
"Japanese Society of Toxicologic Pathology","10.1293","2013","1047","3060"
"Biophilia Rehabilitation","10.3774","23","6","29"
"Korea Spatial Information Society","10.12672","242","2","244"
"The Korea Navigation Institute","10.12673","168","0","168"
"Korean Research Society of Physical Therapy","10.12674","156","22","178"
"Emerging Theatre Research","10.12675","0","0","0"
"Hans Publishers","10.12677","767","68","835"
"American Podiatric Medical Association","10.7547","13643","9862","23505"
"Faculty of Economics and Business, University of Maribor","10.7549","12","-6","6"
"Revista Mexicana de Biodiversidad","10.7550","766","83","849"
"Korean Society of Medical Education","10.3946","1433","296","1729"
"Korean Society of Infectious Diseases and Korean Society for Chemotherapy (KAMJE)","10.3947","1653","406","2059"
"Cleveland Clinic Journal of Medicine","10.3949","16086","12136","28222"
"Revista Historia Hoje","10.20949","7","0","7"
"Boletim do Instituto de Pesca","10.20950","50","36","86"
"Faculdade Redentor","10.20951","0","0","0"
"Revista Tempos e Espacos em Educacao","10.20952","3","0","3"
"Dynasty Publishing House","10.20953","22","0","22"
"Korean Association of Practical Arts Education","10.20954","3","0","3"
"Federal Reserve Bank of St. Louis","10.20955","52","36","88"
"Hasanuddin University, Faculty of Law","10.20956","5","0","5"
"Strategic Studies and Agriculture Policy","10.20957","3","0","3"
"Island Dynamics","10.20958","20","4","24"
"World Journal of Pharmacy and Pharmaceutical Sciences","10.20959","8","9","17"
"ARAN Ediciones","10.20960","122","39","161"
"Universitas Sebelas Maret","10.20961","21","0","21"
"Korean Medical Citation Index Project Board (KAMJE)","10.3924","0","0","0"
"Center for Economic Integration","10.11130","1507","528","2035"
"Agial Publishing House","10.11131","91","53","144"
"INSPER - Instituto de Ensino e Pesquisa","10.11132","40","6","46"
"The Psychological Record","10.11133","168","39","207"
"National Center for Biotechnology","10.11134","9","0","9"
"Department of Qur'an and Hadith Studies","10.11136","1","0","1"
"Instituto de Geociencias - UFRJ","10.11137","39","26","65"
"CIC Edizioni Internazionali","10.11138","577","113","690"
"Council for British Archaeology (ID 4827)","10.11141","356","-9","347"
"Journal of International Conference on Electrical Machines and Systems","10.11142","142","7","149"
"Fennia - International Journal of Geography","10.11143","181","32","213"
"Editorial Pontificia Universidad Javeriana","10.11144","481","73","554"
"Biomath Forum","10.11145","53","35","88"
"Korean Academy of Oral Health (KAMJE)","10.11149","303","3","306"
"CNRI Acct","10.1045","3652","785","4437"
"Ferrata Storti Foundation (Haematologica)","10.3324","56697","21407","78104"
"Croatian Medical Journal","10.3325","3591","1319","4910"
"Institute of Public Finance","10.3326","77","1","78"
"Russian New University","10.12710","10","2","12"
"Iktisadi Girisim ve Is Ahlaki Dernegi (IGIAD)","10.12711","0","0","0"
"Departamento de Empreendedorismo e Gestao da UFF","10.12712","19","-1","18"
"Ege University Faculty of Fisheries","10.12714","11","0","11"
"Healthy Aging Research","10.12715","21","-1","20"
"Faculty of Navigation","10.12716","194","68","262"
"International Mycological Association (IMA)","10.5598","1552","546","2098"
"International Association of Physical Chemists (IAPC)","10.5599","141","136","277"
"Office of Research, Development and Information (ORDI)","10.5600","485","124","609"
"Polish Society for Magnesium Research","10.5601","145","13","158"
"Journal of Orofacial and Health Sciences","10.5602","0","0","0"
"Oriental Scientific Publishing Company","10.13005","1679","776","2455"
"Polish Hyperbaric Medicine and Technology Society","10.13006","2","0","2"
"IEDP Ideas for Leaders","10.13007","0","0","0"
"University of Iowa Libraries","10.13008","163","11","174"
"Forum: Carbohydrates Coming of Age","10.4052","2927","2006","4933"
"National Nanomanufacturing Network","10.4053","0","0","0"
"Max Planck Institute for Demographic Research","10.4054","10884","2014","12898"
"The Korean Orthopaedic Association (KAMJE)","10.4055","3022","1274","4296"
"The Japan Sociological Society","10.4057","256","16","272"
"Japanese Society of Environmental Infections","10.4058","158","42","200"
"Jurnal Akuakultur Indonesia","10.19027","36","8","44"
"Department of Mechanical and Biosystem Engineering IPB","10.19028","13","2","15"
"Applied Mathematics & Computation Center","10.19029","10","0","10"
"Clute Institute","10.19030","4372","766","5138"
"Japanese Society of Pediatric Pulmonology","10.5701","18","6","24"
"The Mass Spectrometry Society of Japan","10.5702","2688","1570","4258"
"Purdue University Press","10.5703","896","174","1070"
"Malaysian Orthopaedic Association","10.5704","199","86","285"
"Institute of Statistical Science","10.5705","683","258","941"
"Hungarian Association of Psychopharmacologists","10.5706","4","5","9"
"Wilolud Journals","10.5707","8","4","12"
"Semmelweis Egyetem (EKK Mentalhigiene Intezet)","10.5708","71","15","86"
"University of Finance and Management in Warsaw","10.5709","632","206","838"
"Asociacion Paleontologica Argentina","10.5710","905","478","1383"
"Military Operations Research Society","10.5711","692","213","905"
"The Association of Japanese Geographers","10.4157","1474","977","2451"
"Gutersloher Verlaghaus","10.14315","331","19","350"
"Korean Society of Medical Physics (KAMJE)","10.14316","151","16","167"
"Korean Society of Computational and Applied Mathematics","10.14317","183","-21","162"
"HAU, Journal of Ethnographic Theory","10.14318","1448","363","1811"
"International Journal of Cancer Therapy and Oncology","10.14319","244","44","288"
"Instytut Dermatologii Radoslaw Spiewak","10.14320","4","0","4"
"Michigan State University Press","10.14321","604","398","1002"
"Publons","10.14322","0","0","0"
"Marques Aviation Ltd.","10.14323","38","3","41"
"UCL Press (ID 5433)","10.14324","289","-131","158"
"University Press of Mississippi","10.14325","660","-10","650"
"Japan Audiological Society","10.4295","679","152","831"
"Canadian Water Resources Association","10.4296","3254","1354","4608"
"North American Journal of Medical Sciences","10.4297","636","123","759"
"ReVision Publishing","10.4298","23","2","25"
"American Society for Aesthetics","10.4299","1","0","1"
"Journal of Graduate Medical Education","10.4300","5809","1863","7672"
"TECSI","10.4301,10.5748","347","-59","288"
"Photonics Society of Poland","10.4302","223","70","293"
"Ashdin Publishing","10.4303","836","329","1165"
"The Korean Society for Fisheries and Marine Sciences Education","10.13000","522","-8","514"
"University of Wyoming Libraries","10.13001","999","1389","2388"
"Journal of Agricultural Faculty of Gaziosmanpasa University","10.13002","12","4","16"
"Korean Neurotraumatology Society (KAMJE)","10.13004","223","83","306"
"Shanghai Institute of Organic Chemistry","10.6023","4188","2581","6769"
"Marine Biological Association of India","10.6024","62","23","85"
"Digital Information Research Foundation","10.6025","0","0","0"
"Biomedical Informatics","10.6026","4151","1499","5650"
"ID Design 2012/DOOEL Skopje","10.3889","447","161","608"
"International University Line","10.3890","12","2","14"
"Danish Chemical Society","10.3891","52693","148015","200708"
"Universitat Politecnica de Valencia","10.4995","2284","363","2647"
"Association for Fire Ecology","10.4996","1995","826","2821"
"Royal College of Physicians of Edinburgh","10.4997","1010","343","1353"
"Akademi Doktorlar Yayinevi","10.4999","82","15","97"
"Earthquake Engineering Society of Korea","10.5000","453","27","480"
"Oman Medical Journal","10.5001","1728","568","2296"
"Korean Academy of Oral Biology","10.11620","23","5","28"
"Russian Psychological Society","10.11621","103","19","122"
"Singapore Medical Journal (ID 4946)","10.11622","1425","435","1860"
"Korean Society for Floricultural Science","10.11623","81","9","90"
"Korea Society of Nature Conservation","10.11624","23","2","25"
"Korean Association of Organic Agriculture","10.11625","101","1","102"
"Urban Planning International","10.22217","6","2","8"
"Cairo Center for Development Benchmarking","10.22218","0","0","0"
"Universitas Muhammadiyah Malang","10.22219","7","0","7"
"Japanese Association of Virology","10.2222","411","255","666"
"Climate Modelling Laboratory","10.22221","0","0","0"
"Faculty of Mechanical Engineering, VSB Technical University of Ostrava","10.22223","2","3","5"
"University Consortium for Geographic Information Science (UCGIS)","10.22224","5","0","5"
"Universitas Warmadewa","10.22225","0","0","0"
"Institute for Metals Superplasticity Problems of RAS","10.22226","250","100","350"
"Moscow State University of Civil Engineering","10.22227","124","34","158"
"Revista Territorios e Fronteiras","10.22228","11","3","14"
"Ohio Counseling Association","10.22229","1","0","1"
"Jornal de Pediatria","10.2223","4580","2068","6648"
"Society of Academy of Dermatology","10.15624","0","0","0"
"Publishing House for Science and Technology, Vietnam Academy of Science and Technology","10.15625","110","50","160"
"Linnaeus University","10.15626","4","0","4"
"SolarLits","10.15627","15","21","36"
"Instituto Federal de Educacao, Ciencia e Tecnologia do Rio Grande do Norte (IFRN)","10.15628","307","-135","172"
"Associated Students of the University of Nevada's Nevada State Undergraduate Research Journal","10.15629","0","0","0"
"American Academy of Implant Dentistry","10.1563","6364","2671","9035"
"International Centre for Diffraction Data (ICDD)","10.1154","2283","2209","4492"
"Stewart Postharvest Solutions","10.2212","702","584","1286"
"Trace (Travaux et Recherches dans les Ameriques du Centre)","10.22134","3","1","4"
"Graduate Program Sriwijaya University","10.22135","2","1","3"
"El Colegio Mexiquense, A. C.","10.22136","32","4","36"
"Central Luzon State University International Affairs Office","10.22137","0","0","0"
"Bulletin of the Ural Medical Academie Science","10.22138","2","0","2"
"The Journal of Business Science","10.22139","1","0","1"
"The Jutendo Medical Journal","10.14789","179","29","208"
"Japanese Association for Management Systems","10.14790","2","3","5"
"The Korean Brain Tumor Society, The Korean Society for Neuro-Oncology (KAMJE)","10.14791","262","118","380"
"Fong Sum Wood Library","10.14793","3","0","3"
"Institute of Archaeology and Art History","10.14795","2","0","2"
"Computational Hydraulics International","10.14796","94","69","163"
"Methodist DeBakey Cardiovascular Journal","10.14797","827","461","1288"
"Croatian Journal of Fisheries","10.14798","58","13","71"
"Environmental Biotechnology","10.14799","20","10","30"
"International Society of Cytology","10.1508","16850","4541","21391"
"American Marketing Association (AMA)","10.1509","144024","47895","191919"
"European Association of Cardiothoracic Surgery (EACTS Publishing Ltd) (ID 10966)","10.1510","11574","7507","19081"
"Springer Fachmedien Wiesbaden GmbH","10.1365","11404","11358","22762"
"Macro World Publishing","10.15340","24","2","26"
"Academic Star Publishing Company","10.15341","63","14","77"
"Mediterranean BioMedical Journals (ID 6020)","10.15342","2","4","6"
"Centro Universitario Sao Camilo - Sao Paulo","10.15343","84","109","193"
"Graphyonline Publications PVT, Ltd.","10.15344","77","40","117"
"International Online Journal of Educational Sciences","10.15345","58","4","62"
"ThinkSplash, LLC","10.15346","87","-8","79"
"Wikiversity Journal of Medicine","10.15347","32","8","40"
"Revista Psicologia: Teoria e Pratica","10.15348","37","3","40"
"Intel","10.1535","818","130","948"
"Colloquium","10.15350","2","0","2"
"Center for the Blue Economy","10.15351","19","2","21"
"Tusi Mathematical Research Group","10.15352","966","309","1275"
"University of Waterloo","10.15353","153","7","160"
"Bonoi Science Advancement and Education LLC","10.15354","3","0","3"
"Economists for Peace and Security","10.15355","162","23","185"
"Institute of Geography, Russian Academy of Sciences","10.15356","126","46","172"
"OAhost","10.5101","500","343","843"
"Centro de Ensino Unificado de Brasilia","10.5102","63","-39","24"
"Korean Society of Sport Biomechanics","10.5103","1209","-32","1177"
"Japan Institute of Electronics Packaging","10.5104","1693","212","1905"
"The Japanese Society of Electrocardiology","10.5105","287","87","374"
"Japan Institute of Light Metals","10.2464","7074","2901","9975"
"Japan Association of Mineralogical Sciences","10.2465","5870","4940","10810"
"Ural State Mining University","10.21440","0","0","0"
"Sosyal Guvence","10.21441","0","0","0"
"Dongguk University Institute of Japan Studies","10.21442","0","0","0"
"FSEI HPE Murmansk State Technical University","10.21443","3","0","3"
"Programa de Pos-graduacao em Ciencias Contabeis da UFRJ","10.21446","1","0","1"
"The Korean Association of Urban Policies","10.21447","0","0","0"
"International Journal of Secondary Metabolite","10.21448","9","4","13"
"International Journal of Assessment Tools in Education","10.21449","2","2","4"
"RAHIS - Revista de Administracao Hospitalar e Inovacao em Saude","10.21450","2","0","2"
"Colegio Brasileiro de Reproducao Animal - CBRA","10.21451","37","27","64"
"ABEC Publicacoes","10.21452","0","0","0"
"Romanian Society of Anaesthesia and Intensive Care","10.21454","0","0","0"
"The Schmidt Institute of Physics of the Earth of the Russian Academy of Sciences (IPE RAS)","10.21455","1","2","3"
"Diponegoro University","10.21456","2","0","2"
"Korean Association for Religious Studies","10.21457","3","3","6"
"Institute for Urban Humanities","10.21458","6","0","6"
"The Korean Council for Children's Rights","10.21459","2","0","2"
"American Society of Health System Pharmacists","10.2146","18244","8560","26804"
"Duta Wacana Christian University","10.21460","0","1","1"
"Journal of Archaeology and Text","10.21461","1","0","1"
"Yayasan Visi Intan Permata (Centrall)","10.21462","3","1","4"
"Towarzystwo Naukowe W Toruniu","10.15762","0","0","0"
"University of Oklahoma Libraries","10.15763","227","26","253"
"Scientific Online Publishing, Co. Ltd.","10.15764","241","22","263"
"Institucion Universitaria Politecnico Grancolombiano","10.15765","7","0","7"
"Association of American Medical Colleges","10.15766","152","-5","147"
"Feminist Studies","10.15767","51","6","57"
"Revista Brasileira de Quiropraxia - Brazilian Journal of Chiropractic","10.15768","0","0","0"
"Adam Mickiewicz University Poznan","10.14746","474","69","543"
"McMaster Undergraduate Research Journal","10.14747","0","0","0"
"Medical University Prof. Dr. Paraskev Stoyanov - Varna","10.14748","248","170","418"
"Korean Association of Art History Education","10.14769","0","0","0"
"The Geological Society of Korea","10.14770","184","39","223"
"Korean Society of Food and Agricultural Information Science","10.14771","5","-1","4"
"Center for the Study of Chinese Characters in Korea","10.14772","0","0","0"
"The Corrosion Science Society of Korea","10.14773","94","16","110"
"Korean Institute of Interior Design","10.14774","78","4","82"
"The Korean Society of Manufacturing Process Engineers","10.14775","198","-4","194"
"The Korean Society of Pediatric Infectious Diseases","10.14776","32","1","33"
"Korean Association of Urogenital Tract Infection and Inflammation (KAMJE)","10.14777","27","5","32"
"VLDB Endowment","10.14778","24783","1970","26753"
"M.U. Iktisadi ve Idari Bilimler Dergisi","10.14780","6","0","6"
"Marmara Cografya Dergisi","10.14781","0","1","1"
"Siyasal Bilimler Dergisi","10.14782","4","0","4"
"Sosyal Bilimler Ensititusu Hakemli Dergisi Oneri","10.14783","5","1","6"
"The Journal of Financial Researches and Studies","10.14784","5","1","6"
"LymphoSign Journal Limited Partnership (ID 5788)","10.14785","34","14","48"
"EARLI","10.14786","133","29","162"
"Society of Plant Reproductive Biologists","10.14787","0","0","0"
"E-MED LTD","10.1102","4102","2379","6481"
"European Mathematical Publishing House","10.4171","22871","10264","33135"
"Journal of Experimental Biology and Agricultural Sciences","10.18006","57","-13","44"
"International Academy of Science and Higher Education","10.18007","0","0","0"
"PE Polunina Elizareta Gennadievna (ID 7325)","10.18008","6","0","6"
"Journal of Computer and Education Research","10.18009","1","0","1"
"Scientia Primar","10.18010","3","0","3"
"Universidade Estadual Paulista - Campus de Tupa","10.18011","45","6","51"
"Aufklarung Journal of Philosophy","10.18012","0","0","0"
"The Institute for Northeast Asia Research","10.18013","9","-1","8"
"The Korean Association for Saramdaum Education","10.18015","0","0","0"
"KSU Journal of Agriculture and Nature","10.18016","1","0","1"
"Journal of Istanbul Faculty of Medicine","10.18017","1","0","1"
"The Institute for Legal Studies","10.18018","0","0","0"
"Russian Ilizarov Scientific Centre Restorative Traumatology and Orthopaedics","10.18019","4","0","4"
"Kesit Akademi","10.18020","0","0","0"
"The Institute of the History of Christianity in Korea","10.18021","0","0","0"
"Association Culturelle Franco-Coreenne","10.18022","5","0","5"
"The Korean Society for Early Childhood Education","10.18023","483","4","487"
"Revista UNIANDRADE","10.18024","15","3","18"
"Kafkas University Journal of Economics and Administrative Sciences","10.18025","2","0","2"
"Celal Bayar University Journal of Social Sciences","10.18026","0","0","0"
"Fond Oncoprogress","10.18027","5","1","6"
"Revista de Gestao, Financas e Contabilidade","10.18028","9","0","9"
"Publicacaoes Avulsas em Conservacao de Ecossistemas","10.18029","1","0","1"
"Socio.hu","10.18030","8","0","8"
"Ilmin International Relations Institute (IIRI)","10.18031","12","1","13"
"The Korean Academic Association of Business Administration","10.18032","6","1","7"
"International Journal of Language Academy","10.18033","6","1","7"
"ABC Journals","10.18034","41","11","52"
"El Mednifico Journal","10.18035","16","2","18"
"Anadolu Universitesi Bilim ve Teknoloji Dergisi C : Yasam Bilimleri ve Biyoteknoloji","10.18036","2","0","2"
"Anadolu Universitesi Sosyal Bilimler Dergisi","10.18037","3","1","4"
"Anadolu Universitesi Bilim ve Teknoloji Dergisi-A: Uygulamali Bilimler ve Muhendislik","10.18038","10","1","11"
"Anadolu Universitesi Egitim Bilimleri Enstitusu Dergisi","10.18039","1","1","2"
"Korean Ancient Historical Society","10.18040","0","0","0"
"Universidad Nacional de Colombia","10.15446","1868","174","2042"
"San Francisco Estuary and Watershed Science","10.15447","556","186","742"
"Asociacion de Medicos Anestesiologos de Chile","10.25237","2","0","2"
"The Academy of Medicine, Engineering, and Science of Texas (TAMEST)","10.25238","0","0","0"
"Sudanese American Medical Association","10.25239","0","0","0"
"Demos Medical Publishing","10.5003","5","1","6"
"Desalination Publications","10.5004","6114","4816","10930"
"Nepal Journals Online (JOL) (ID 1670)","10.3126","2301","461","2762"
"Fundacion Universitaria de Ciencias de la Salud (ID 16197)","10.31260","0","0","0"
"University of Silesia in Katowice","10.31261","0","0","0"
"Association of Austrian Librarians","10.31263","0","1","1"
"Stavanger University Library","10.31265","8","0","8"
"Kancelaria Sejmu/Chancellery of the Sejm","10.31268","0","0","0"
"Information Society Research","10.31269","110","-3","107"
"Australian Journal of Information Systems","10.3127","796","28","824"
"Kiban Research Publications","10.31270","0","0","0"
"Center for Future Studies","10.31271","0","0","0"
"Mustansiriyah University Faculty of Engineering Department","10.31272","0","0","0"
"University of Warwick","10.31273","0","0","0"
"The European Research Journal","10.18621","5","6","11"
"The Korean History Education Society","10.18622","3","0","3"
"Editora Dom Helder","10.18623","1","0","1"
"SENAI ISC","10.18624","0","0","0"
"The Korean Association of Speech Communication","10.18625","2","0","2"
"The Modern Linguistic Society of Korea","10.18627","56","4","60"
"Urimalgeulhakhoe","10.18628","36","-1","35"
"Korean Association of Arabic Language and Literature","10.18630","2","0","2"
"The Japanese Language and Literature Society of Korea","10.18631","0","2","2"
"The Magnetics Society of Japan","10.3379","8987","3790","12777"
"Study Group of Microwave Surgery","10.3380","152","43","195"
"Tobacco Science","10.3381","39","5","44"
"Educational Development Unit, University of Greenwich","10.21100","34","-1","33"
"National Institute of Public Health","10.21101","540","61","601"
"Zant World Press","10.21102","62","8","70"
"International Medical Research and Development Corporation","10.21103","27","2","29"
"Institute of Ethnology, Czech Academy of Sciences","10.21104","2","0","2"
"The Open Journal (ID 8722)","10.21105","327","69","396"
"Global Health and Education Projects, Inc. (GHEP)","10.21106","38","8","46"
"University of Trunojoyo Madura","10.21107","2","0","2"
"School of Computing, Telkom University","10.21108","5","0","5"
"Kesmas: Jurnal Kesehatan Masyarakat Nasional","10.21109","20","4","24"
"Slovenian Society for Stereology and Quantitative Image Analysis","10.5566","1541","725","2266"
"Insight Knowledge","10.5567","544","165","709"
"Centro Sperimentale Interuniversitario di Ricerca Stradale-Aeroportuale (CIRS)","10.5568","10","6","16"
"SIIS - Centro de Documentacion y Estudios","10.5569","41","-8","33"
"European Defendology Center","10.5570","0","1","1"
"The Editorial Committee of Synthesiology","10.5571","384","89","473"
"Korean Society for Atmospheric Environment","10.5572","1673","391","2064"
"Scalable Computing: Practice and Experience","10.12694","82","1","83"
"School of Business and Management, Institut Teknologi Bandung","10.12695","2","0","2"
"EDUGAIT Press","10.12696","2","1","3"
"University of Tartu Press","10.12697","531","22","553"
"Consortium for Policy Research in Education","10.12698","171","9","180"
"French-Vietnamese Association of Pulmonology","10.12699","0","0","0"
"Japanese Society of Breeding","10.1270","13591","4243","17834"
"Obuda University","10.12700","38","-9","29"
"Yeungnam University College of Medicine","10.12701","188","13","201"
"Seventh Sense Research Group Journals","10.14445","876","110","986"
"National Museum","10.14446","32","28","60"
"Journal of New Materials for Electrochemical Systems","10.14447","2","-1","1"
"Wallace Center","10.14448","112","35","147"
"Korean Breast Cancer Society","10.14449","8","2","10"
"Conselho Federal de Farmacia","10.14450","8","5","13"
"Monthly Review Foundation","10.14452","4820","478","5298"
"Binary Information Press","10.12733","723","169","892"
"International Engineering Journal","10.12734","0","0","0"
"Science and Education Centre of North America","10.12735","159","20","179"
"Energa SA","10.12736","38","24","62"
"Infra-M Academic Publishing House (ID 5106)","10.12737","3699","-2416","1283"
"Regional Euro-Asian Biological Invasions Centre Oy (REABIC)","10.3391","6521","2087","8608"
"Sociotechnology Research Network (Shakai Gijutsu Kenkyuukai)","10.3392","134","38","172"
"Korean Society of Coloproctology","10.3393","1606","385","1991"
"Journal of Great Lakes Research","10.3394","2250","1604","3854"
"Fundacao Oswaldo Cruz","10.3395","103","5","108"
"International Federation of Infection Control","10.3396","91","56","147"
"Institute of Noise Control Engineering (INCE)","10.3397","2754","1884","4638"
"Western North American Naturalist","10.3398","2084","565","2649"
"East Himalayan Society for Spermatophyte Taxonomy","10.26679","0","0","0"
"Eastern Kentucky University","10.26681","1","1","2"
"University of Duhok","10.26682","2","0","2"
"NGO Allukrainian Association of Endovascular Neuroradiology","10.26683","0","0","0"
"Undergraduate Research in Natural and Clinical Science and Technology (URNCST) Journal","10.26685","0","0","0"
"Victoria University of Wellington Library","10.26686","20","1","21"
"IJAR APCBE Publishing","10.26687","52","13","65"
"Bio-Byword Scientific Publishing, Pty. Ltd.","10.26689","0","0","0"
"Self Regulation Institute","10.26690","0","0","0"
"Center for Advanced Research in Integrated Future Society (CARIFS)","10.26691","0","0","0"
"University of Sindh","10.26692","2","0","2"
"Petro Mohyla Black Sea National University (ID 11225)","10.26693","11","-6","5"
"Universidade Federal do Piaui","10.26694","11","2","13"
"Marmara Universitesi Kadin ve Toplumsal Cinsiyet Arastirmalari Dergisi","10.26695","0","0","0"
"Escuela de Postgrado - Universidad Catolica Santa Maria","10.26696","1","0","1"
"Kharkiv Regional Public Organization - Culture of Health","10.26697","0","0","0"
"Instituto de Astrofisica de Canarias","10.26698","32","-1","31"
"Journal of Ners and Midwifery","10.26699","1","0","1"
"SH Urban Research Institute","10.26700","0","0","0"
"European Mechanical Science","10.26701","2","25","27"
"Revista Diorito","10.26702","0","0","0"
"Journal of Commerce and Trade (JCT)","10.26703","0","0","0"
"Revista Pensar Geografia","10.26704","0","0","0"
"Payam Publishing, Pvt. Lt.","10.26705","1","0","1"
"RAME Publishers","10.26706","0","0","0"
"Revista Brasileira de Orientacao Profissional","10.26707","0","0","0"
"SweDha Publications","10.26708","14","5","19"
"CSRC Publishing, Center for Sustaninability Research and Consultancy","10.26710","3","0","3"
"Journal of Mathematics Education","10.26711","0","0","0"
"Journal of Holistic Performance","10.26712","0","0","0"
"RGN Publications","10.26713","0","0","0"
"LPPM Universitas Muhammadiyah Semarang","10.26714","0","0","0"
"HealthMinds Consulting Pvt Ltd","10.26715","0","0","0"
"Armacost Library (ID 11255)","10.26716","0","0","0"
"Biomedical Research Network, LLC","10.26717","36","-28","8"
"Solar Energy Trade Shows","10.26718","0","0","0"
"World Health Organization Regional Office for the Eastern Mediterranean (WHO/EMRO)","10.26719","752","221","973"
"University of Illinois Libraries","10.5210","10344","1311","11655"
"Global E-Business Association","10.15719","257","11","268"
"Korea Distribution Science Association","10.15722,10.13106","588","75","663"
"Korea Consumer Agency","10.15723","39","-1","38"
"Korean Speech-Language and Hearing","10.15724","374","-1","373"
"The Society of Korean Dances Studies","10.15726","27","-3","24"
"The Russian Law Academy of the Ministry of Justice of the RF","10.15727","0","0","0"
"Fucape Business School","10.15728","127","24","151"
"Instituto Nanocell","10.15729","0","0","0"
"Symposium Books, Ltd.","10.15730","692","79","771"
"Classical Association of South Africa","10.15731","3","0","3"
"Institute for English Cultural Studies","10.15732","8","0","8"
"Institute for Japanese Studies","10.15733","0","0","0"
"The Association of Korean Education","10.15734","3","1","4"
"Korean Logistics Society","10.15735","99","15","114"
"The Korean Society for School Science","10.15737","15","1","16"
"Korean Association for the Study of English Language and Lingusitics (KASELL)","10.15738","75","9","84"
"Journal Issues Limited","10.15739","7","-1","6"
"Hind Agri Horticultural Society","10.15740","189","23","212"
"Geist Science, Iqra University","10.20547","38","2","40"
"Research Group Innoeduca, University of Malaga","10.20548","1","0","1"
"Japan Society of Coloproctology","10.3862","1927","103","2030"
"Medical Education Online","10.3885","36","5","41"
"Journals and Authors Publications","10.25012","0","0","0"
"Facultad de Odontologia Universidad Nacional de Cordoba","10.25014","0","0","0"
"Jurnal Penyuluhan","10.25015","11","-2","9"
"NRCERM EMERCOM of Russia (ID 10648)","10.25016","0","0","0"
"Khanty-Mansiysk State Medical Academy","10.25017","0","0","0"
"LLC Gornaya Kniga","10.25018","2","2","4"
"National University of Political Studies and Public Administration (SNSPA)","10.25019","9","0","9"
"Japanese Society of Animal Psychology","10.2502","205","148","353"
"The Institute for Education and Research Gyeongin National University of Education","10.25020","0","0","0"
"The Society for the Research of Chinese Language and Literature","10.25021","0","0","0"
"Korean Association for Public Security Administration","10.25023","17","7","24"
"The Academy of Korean Studies","10.25024","38","1","39"
"Facultad de Artes y Humanidades","10.25025","3","0","3"
"Faculty of Pharmacy, Mulawarman University","10.25026","0","0","0"
"Acta Graphica","10.25027","0","0","0"
"Colegio Oficial de Ingenieros Agronomos de Centro y Canarias","10.25028","1","0","1"
"Fundacio Universitaria Balmes","10.25029","5","0","5"
"Centre Francais du Littoral","10.5150","105","46","151"
"Blay Publishers, LLC","10.9784","32","11","43"
"University of Texas Press","10.7560","169","6","175"
"Scientific Annals of Computer Science","10.7561","29","6","35"
"Faculty of Occupational Safety","10.7562","6","3","9"
"Social Sciences Directory Limited","10.7563","21","1","22"
"Baltzer Science Publishers","10.7564","160","55","215"
"Language and Psychoanalysis","10.7565","65","2","67"
"Physical Society of Japan","10.7566","11115","1484","12599"
"Jurnal Bina Hukum Lingkungan","10.24970","1","0","1"
"International Journal of Transpersonal Studies","10.24972","58","10","68"
"Open Therapeutics","10.24973","0","0","0"
"Association of Mexican American Educators Journal","10.24974","5","-1","4"
"Centr Regionalnikh Issledovanij (ID 10600)","10.24975","5","-1","4"
"Revista Prima Facie","10.24977","0","0","0"
"MODOS Revista de Historia da Arte","10.24978","0","0","0"
"Universidade Estadual de Roraima","10.24979","0","0","0"
"University of Zagreb - University Computing Centre","10.2498","1322","304","1626"
"Fundacao Municipal de Educacao e Cultura de Santa Fe do Sul","10.24980","0","0","0"
"International Society For Education Through Art- InSEA","10.24981","0","0","0"
"Journal of Interaction Science","10.24982","1","0","1"
"SciTeMed Publishing Group","10.24983","3","0","3"
"University Service Publishing","10.24984","15","1","16"
"Korea Institute of Sport Science","10.24985","185","70","255"
"Seoul National University Asia Center","10.24987","3","5","8"
"Dokuz Eylul Universitesi Iktisadi ve Idari Bilimler Dergisi","10.24988","0","0","0"
"Facultas Verlags- und Buchhandels AG","10.24989","33","3","36"
"University of Szeged","10.14232","1104","653","1757"
"Asian Journal of Chemistry","10.14233","824","456","1280"
"University of Northampton","10.14234","22","5","27"
"Bezmialem Vakif University","10.14235","10","1","11"
"BCS Learning and Development Limited","10.14236","836","97","933"
"Paediatrica Indonesiana - Indonesian Pediatric Society","10.14238","162","53","215"
"The Nature Conservancy","10.3411","10","0","10"
"Japanese Society for Bacteriology","10.3412","1115","579","1694"
"Instituto de Pesquisas Ambientais em Bacias Hidrograficas (IPABHi)","10.4136","462","59","521"
"Atlantic Geology","10.4138","507","522","1029"
"The Korean Society of Gastroenterology (KAMJE)","10.4166","2337","398","2735"
"The Korean Society for Microbiology and The Korean Society of Virology (KAMJE)","10.4167","667","144","811"
"The Korean Academy of Asthma, Allergy and Clinical Immunology and The Korean Academy of Pediatric Al","10.4168","4939","1312","6251"
"Mathematical Association of America","10.4169","1709","467","2176"
"Univ. of Malaya","10.22452","129","32","161"
"National Council for Scientific Research - Lebanon","10.22453","7","6","13"
"Society of Teachers of Family Medicine","10.22454","6","0","6"
"А. M. Gorky Institute of World Literature of the Russian Academy of Sciences","10.22455","0","1","1"
"Universidade Federal do Rio Grande do Sul","10.22456","65","13","78"
"House of Scientific Research","10.22457","2","3","5"
"Universidad Estatal a Distancia","10.22458","10","2","12"
"ANU Press","10.22459","257","10","267"
"Asociacion Herpetologica Española","10.11160","9","3","12"
"Korean Society of Odor Research and Engineering","10.11161","25","1","26"
"Institute of Plant Protection - National Research Institute","10.14199","10","0","10"
"Association for the Advancement of Restorative Medicine","10.14200","42","20","62"
"LLC Science and Innovations","10.15275","43","15","58"
"Odessa National Polytechnic University","10.15276","13","2","15"
"ABCD Diabetes Care, Ltd.","10.15277","137","33","170"
"International Symposium on Molecular Spectroscopy","10.15278","8","15","23"
"Korean Pancreatobiliary Association","10.15279","23","-1","22"
"Academy of Traumatology","10.1528","37","7","44"
"Institute of Lifestyle Medicine","10.15280","84","29","113"
"The Botanical Society of Japan","10.15281","5826","2109","7935"
"Korean Institute of Science and Technology Information (KISTI)","10.1633","254","5","259"
"Alphamed Press","10.1634,10.5966","137923","79955","217878"
"Academy of Natural Sciences of Philadelphia","10.1635","785","164","949"
"American Arachnological Society","10.1636","5624","2019","7643"
"International Journal of Social Sciences and Education Research","10.24289","9","1","10"
"Faculty of Sociology, Lomonosov Moscow State University (ID 10445)","10.24290","0","0","0"
"Uskonnontutkija – Religionsforskaren","10.24291","0","0","0"
"Medical Education","10.24292","4","-1","3"
"PDS Patklin","10.24293","0","0","0"
"EnPress Publisher","10.24294","6","2","8"
"China Power Supply Society","10.24295","25","4","29"
"JOMI, LLC","10.24296","0","0","0"
"CIRWOLRD","10.24297","49","26","75"
"Disaster Nursing Global Leader Degree Program","10.24298","2","8","10"
"The Korean Society of Child Welfare","10.24300","1","0","1"
"Korea Academy of Mental Health Social Work","10.24301","0","0","0"
"Universidade do Contestado - UnC","10.24302","0","0","0"
"The Linguistic Association of Korea","10.24303","14","3","17"
"The Korean College of Clinical Pharmacy (ID 10403)","10.24304","1","0","1"
"Caderno Eletronico de Ciencias Sociais","10.24305","6","0","6"
"Association of European Schools of Planning (AESOP)","10.24306","4","0","4"
"Polgari Szemle","10.24307","0","0","0"
"International Association for Semiotic Studies (IASS/AIS)","10.24308","1","0","1"
"ASEPUMA","10.24309","0","0","0"
"Malaga University","10.24310","26","0","26"
"Journal of Asian Business and Economic Studies","10.24311","5","0","5"
"University of Central Punjab","10.24312","3","0","3"
"International Society for Problem-Based Learning","10.24313","11","2","13"
"Consejo Regional III Lima Metropolitana","10.24314","0","0","0"
"Trakya Universitesi Egitim Fakultesi Dergisi","10.24315","0","0","0"
"PROMETEICA - Revista de Filosofia y Ciencias","10.24316","0","0","0"
"Revista Brasileira de Extensao Universitaria","10.24317","0","0","0"
"Jurnal Teknologi Perikanan dan Ilmu Kelautan","10.24319","7","-2","5"
"Revista Electronica de Investigacin Educativa","10.24320","1","1","2"
"Advanced Research Publications","10.24321","1","0","1"
"Akademik Gida","10.24323","1","1","2"
"Korean Association of International Association of Constitutional Law","10.24324","0","0","0"
"South American Development Society Journal","10.24325","0","0","0"
"Uniwersytet Przyrodniczy w Lublinie","10.24326","7","3","10"
"Current Research","10.24327","10","6","16"
"Letra e Imagem Editora e Producoes Ltda","10.24328","0","0","0"
"Jurnal ASPIKOM","10.24329","1","0","1"
"The International Electronic Journal of Algebra","10.24330","39","8","47"
"International Journal of Educational Research Review","10.24331","0","0","0"
"The Korean Society of Sports Physical Therapy","10.24332","1","0","1"
"Korean Society of Old Testament Studies","10.24333","43","0","43"
"International Healthcare Research Journal","10.26440","0","0","0"
"Universidad de Piura","10.26441","2","-1","1"
"MediaMedica","10.26442","4","1","5"
"McGill University Library and Archives","10.26443","62","21","83"
"Institute of Rural Health","10.26444","17","2","19"
"Sociedad Medicina Interna de Uruguay","10.26445","0","0","0"
"Korea Society of Leisure, Recreation, and Park","10.26446","4","0","4"
"Kozgazdasagi Szemle Alapitvany","10.26447","0","0","0"
"Ariadna Ediciones","10.26448","0","0","0"
"Social Sciences Studies Journal","10.26449","0","0","0"
"International Journal of Social Humanities Sciences Research (JSHSR)","10.26450","0","0","0"
"Animal Behavior and Cognition","10.26451","14","5","19"
"GP Innovations Pvt. Ltd.","10.26452","0","0","0"
"Online Turk Saglik Bilimleri Dergisi","10.26453","0","0","0"
"Matters of Behaviour (ID 10994)","10.26455","1","0","1"
"Tver State University","10.26456","7","0","7"
"Universidad La Salle, Mexico","10.26457","0","0","0"
"Fundatia Romania de Maine","10.26458","7","-1","6"
"Hue University","10.26459","1","1","2"
"Program Studi Manajemen Fakultas Ekonomi","10.26460","0","0","0"
"INNOTEC","10.26461","1","0","1"
"Boletin de la Sociedad Zoologica del Uruguay","10.26462","1","0","1"
"Rajiv Gandhi University of Health Sciences","10.26463","0","0","0"
"Earth and Planetary Physics","10.26464","9","0","9"
"Ottoman Journal of Tourism and Management Research","10.26465","0","0","0"
"OPUS - Uluslararasi Toplum Arastirmalari Dergisi","10.26466","1","0","1"
"Moscow State Institute of Civil Aviation (ID 10993)","10.26467","0","0","0"
"Trakya Universitesi Sosyal Bilimler Dergisi","10.26468","0","0","0"
"Korea CPTED Association","10.26470","0","0","0"
"Asociatia Carpatica de Mediu si Stiintele Pamantului","10.26471","0","0","0"
"KnowledgeCuddle Publication","10.26472","10","2","12"
"ATLAANZ (Association of Tertiary Learning Advisors, Aotearoa/New Zealand)","10.26473","0","1","1"
"Society of Automotive Engineers Australasia","10.26474","0","0","0"
"Faculty of Islamic Studies, University Kebangsaan Malaysia","10.26475","0","0","0"
"Inscribe Publications Pte. Ltd.","10.26476","0","0","0"
"Journal of Baghdad College of Dentistry","10.26477","4","1","5"
"The Learned Press","10.26478","0","0","0"
"Life Science Informatics Publications","10.26479","1","0","1"
"ZIbeline International Publishing","10.26480","128","298","426"
"University of Maastricht","10.26481","4","0","4"
"IJARCS International Journal of Advanced Research in Computer Science","10.26483","15","-1","14"
"Association of Teachers and Researchers in Asia (ATERA)","10.26484","1","0","1"
"Lodzkie Towarzystwo Naukowe","10.26485","2","0","2"
"Universitas Mercu Buana Yogyakarta","10.26486","0","0","0"
"Fakultas Ekonomi dan Bisnis Unhas","10.26487","1","0","1"
"Sabre Management Solutions Pvt. Ltd.","10.26488","0","0","0"
"Revista de Ciencias Sociales","10.26489","0","0","0"
"Moravske Zemsk Muzeum (Monrovian Museum)","10.26720","0","0","0"
"Southeast Asian Ministers of Education Organization Regional Centre for Archaeology and Fine Arts","10.26721","0","0","0"
"Seguro Social EsSalud","10.26722","1","1","2"
"Asociacion Mexicana de Endoscopia Gastrointestinal","10.26723","0","0","0"
"Scientific Society Anatomists, Histologists, and Embryologists, Ukraine","10.26724","4","0","4"
"Extension Education Society","10.26725","1","0","1"
"NP EB Regional Problems of Transforming the Economy","10.26726","0","0","0"
"Community Medicine Faculties Association","10.26727","2","0","2"
"International Journal of Disciplines In Economics and Administrative Sciences Studies (IDEAstudies)","10.26728","0","0","0"
"Journal on Advances in Theoretical and Applied Informatics","10.26729","2","0","2"
"T.F. Gorbachev Kuzbass State Technicak University","10.26730","30","-1","29"
"Irkutsk State Transport University","10.26731","1","0","1"
"TP National Information Satellite System","10.26732","0","0","0"
"Naif Arab University for Security Sciences","10.26735","0","0","0"
"University of Richmond","10.26736","0","0","0"
"STKIP Singkawang","10.26737","2","0","2"
"New Health Concept sal","10.26738","0","0","0"
"Tadqiqot","10.26739","0","0","0"
"Universitas Negeri Surabaya","10.26740","31","0","31"
"ABA Espana","10.26741","0","0","0"
"Jurnal Panggung","10.26742","1","0","1"
"Korean Association of Dance","10.26743","1","0","1"
"ASTTLR- Asociatia Specialistilor in Terapia Tulburarilor de Limbaj din Romania","10.26744","0","0","0"
"Gazi Universitesi Iktisadi ve Idari Bilimler Fakultesi Dergisi","10.26745","0","0","0"
"The Korean Society of Ocean Engineers","10.26748","1","1","2"
"The Royal Society of Tasmania","10.26749","28","10","38"
"University of Raparin","10.26750","0","0","0"
"STIKES Muhammadiyah Kudus","10.26751","0","0","0"
"Fundacion Universitaria Juan N. Corpas","10.26752","0","1","1"
"Universidad de Zaragoza","10.26754","29","-4","25"
"Institutul de Stiinte ale Educatiei (Institute of Educational Sciences)","10.26755","0","0","0"
"Lebanese American University","10.26756","6","0","6"
"Anthropological Researches and Studies","10.26758","0","0","0"
"Institut Teknologi Nasional, Bandung","10.26760","1","0","1"
"International Journal of Research in Library Science","10.26761","0","0","0"
"Zeetarz Publishing","10.26762","0","0","0"
"Rewilding Europe","10.26763","0","0","0"
"Korea Society of Acting Studies","10.26764","0","0","0"
"Direct Research Journals","10.26765","0","0","0"
"Private Publisher Chaban O.S.","10.26766","1","0","1"
"Coloquio Revista do Desenvolvimento Regional","10.26767","0","0","0"
"International Journal of Innovative and Emerging Research in Engineering","10.26769","0","0","0"
"Revista Phoinix","10.26770","0","0","0"
"Laboratorio de Orientacao da Genese Organizacional - Universidade Federal de Santa Catarina","10.26771","0","0","0"
"Caleb University","10.26772","0","0","0"
"Montenegrin Sports Academy","10.26773","4","0","4"
"Osrodek Pamiec i Przyszlosc","10.26774","0","0","0"
"OpenPsych","10.26775","3","2","5"
"Deer Hill Publications","10.26776","4","0","4"
"Liga-Inform, Ltd.","10.26779","0","0","0"
"Bates College","10.26780","0","0","0"
"ClinTransMed, AB","10.26781","0","0","0"
"Journal of Mechanics of Continua and Mathematical Sciences","10.26782","0","0","0"
"Asociacion Espanola de Contabilidad y Administracion de Empresas (AECA) (ID 11326)","10.26784","27","0","27"
"International Commission for Plant Pollinator Relations","10.26786","0","0","0"
"Network of Young Doctors and Health Administrators","10.26787","1","0","1"
"Escuela de Posgrado de la Universidad Nacional del Altiplano","10.26788","0","0","0"
"Urban Development Scientific Publishing Pte Ltd","10.26789","2","4","6"
"Sociedade Brasileira de Oncologia Clinica","10.26790","0","0","0"
"e-Sarkiyat Ilmi Arastirmalari Dergisi","10.26791","0","0","0"
"Associacao Brasileira de Estudos de Defesa - ABED","10.26792","0","0","0"
"Yadav Publications","10.26793","0","0","0"
"Financial University under the Government of the Russian Federation (ID 11336)","10.26794","0","0","0"
"Minin University (ID 11337)","10.26795","3","0","3"
"University of Energy and Natural Resources","10.26796","3","2","5"
"Academia Nacional de Estudios Politicos y Estrategios (ANEPE)","10.26797","0","0","0"
"Korean Society For Cognitive and Biological Psychology","10.22172","55","7","62"
"Korean Society For The Sociology Of Sport","10.22173","162","-6","156"
"Institute of Communication Research","10.22174","61","15","76"
"American Meat Science Association","10.22175","4","18","22"
"MayDay Group","10.22176","11","-1","10"
"Publishing Center Dialog","10.22178","3","-1","2"
"Museo Argentino de Ciencia Naturales","10.22179","716","596","1312"
"Edinburgh University Library","10.2218","1366","202","1568"
"Nano Advances Publishing Office","10.22180","31","28","59"
"APESB - Associacao Portuguesa de Engenharia Sanitaria e Ambeintal","10.22181","0","0","0"
"Institute for Political Studies","10.22182","5","-1","4"
"Research Nebula","10.22183","0","0","0"
"Technosphera JSC","10.22184","16","2","18"
"Papeles de Poblacon","10.22185","3","1","4"
"Journal of Young Investigators","10.22186","1","0","1"
"Revista de la Facultad de Derecho","10.22187","1","0","1"
"Makadam","10.22188","1","0","1"
"Railway Technical Research Institute","10.2219","857","302","1159"
"University of Nis","10.22190","78","14","92"
"Binghamton University","10.22191","60","10","70"
"Darshan Publishers","10.22192","43","18","61"
"Journal of Global Innovations in Agricultural and Social Sciences (JGIASS)","10.22194","2","0","2"
"Revista Educacao em Foco (UFJF)","10.22195","0","0","0"
"Charaka Publishers","10.21760","0","0","0"
"SRMS Institute of Medical Sciences","10.21761","0","0","0"
"Turkish Journal of Family Medicine and Primary Care","10.21763","1","1","2"
"Mehmet Akif Ersoy Universitesi Egitim Fakultesi Dergisi","10.21764","0","0","0"
"Pediatric Practice and Research Journal","10.21765","0","0","0"
"Servicio Sismologico Nacional","10.21766","1","0","1"
"Scitechnol Biosoft Pvt. Ltd.","10.21767","364","105","469"
"Ejournal of Public Affairs","10.21768","7","0","7"
"Federal Research Institute for Health Organization and Informatics","10.21045","2","1","3"
"Space Research Institute RAS","10.21046","21","2","23"
"International Academy of Refrigeration (IAR)","10.21047","1","1","2"
"Avinashilingam Institute for Home Science and Higher Education for Women","10.21048","4","0","4"
"Center for Cross-Cultural Studies","10.21049","28","1","29"
"Oral Roberts University","10.31380","0","0","0"
"Faculty of Sport and Physical Education, Novi Sad University","10.31382","0","0","0"
"University of Sarajevo, Institute for Genetic Engineering and Biotechnology","10.31383","0","0","0"
"Jurnal Ledalero","10.31385","0","1","1"
"University of Duhok College of Medicine","10.31386","0","0","0"
"OSCM Forum","10.31387","8","2","10"
"University of Wollongong Library","10.14453","89","15","104"
"Physical Therapy Rehabilitation Science (ID 5591)","10.14474","89","9","98"
"Korean Society for Hospice and Palliative Care","10.14475","198","8","206"
"Korean Academy of Orofacial Pain and Oral Medicine","10.14476","30","8","38"
"The Korean Society for History of Mathematics","10.14477","41","0","41"
"The Korean Society of Industrial and Engineering Chemistry","10.14478","210","69","279"
"The Korean Opthalmic Optics Society","10.14479","370","0","370"
"The Korean Society of Mushroom Science","10.14480","147","4","151"
"Korean Geo-Environmental Society","10.14481","39","3","42"
"Universidad del Norte","10.14482","63","11","74"
"Universidad Distrital Francisco Jose de Caldas","10.14483","187","34","221"
"Paris Scholar Publishing","10.14485","163","56","219"
"International Journal of Science Culture and Sport","10.14486","30","-1","29"
"Surname DNA Journal","10.14487","0","0","0"
"Associacao Brasileira de Engenharia de Producao - ABEPRO","10.14488","167","-54","113"
"Izdatel'skii dom Spektr, LLC","10.14489","95","8","103"
"The Japan Statistical Society","10.14490","662","334","996"
"Universidad de Chile","10.5354","174","15","189"
"Korea Basic Science Institute","10.5355","101","71","172"
"The Society for Near Eastern Studies in Japan","10.5356","120","9","129"
"The Stomatological Society, Japan","10.5357","993","805","1798"
"Society for Applied Spectroscopy","10.1366","75339","87402","162741"
"Summa Psicologica UST","10.18774","1","1","2"
"Inovatus Usluge Ltd.","10.18775","51","-19","32"
"IEA Solar Heating and Cooling Programme","10.18777","15","18","33"
"Uniwersytet Lodzki (University of Lodz)","10.18778","25","1","26"
"Universidad Tecnica Estatal de Quevedo","10.18779","6","0","6"
"Library of Technological Educational Institute of Athens","10.18780","0","0","0"
"Revista Mexicana de Fitopatologia, Mexican Journal of Phytopathology","10.18781","2","1","3"
"Vital Biotech","10.18782","68","25","93"
"Oscar M. Lopez for Climate Change Adaptation and Disaster Risk Management Foundation, Inc.","10.18783","3","1","4"
"Office of Religious Research and Development","10.18784","0","0","0"
"University of Southern Mississippi","10.18785","1094","110","1204"
"Indonesian Mathematical Society","10.22342","59","7","66"
"Gorodets","10.22343","0","0","0"
"Hankuk University of Foreign Studies Literature Studies","10.22344","0","0","0"
"Korean Society for Urban History","10.22345","0","0","0"
"Revista Meta - Avaliacao","10.22347","3","0","3"
"Revista Internacional de Educacao Superior","10.22348","4","0","4"
"Faculdades EST","10.22351","0","0","0"
"National University of Mongolia","10.22353","13","8","21"
"Asociacion Colombiana de Infectologia - ACIN","10.22354","2","0","2"
"Associacao Portuguesa de Estudos sobre as Mulheres - APEM","10.22355","4","0","4"
"Flinders University Library","10.22356","0","0","0"
"Rochester Cathedral Research Guild","10.22357","0","0","0"
"The Kielanowski Institute of Animal Physiology and Nutrition, PAS","10.22358","2517","1978","4495"
"Journal of Clinical Social Work and Health Intervention","10.22359","1","2","3"
"Society for Modeling and Simulation International (SCS)","10.22360","2","1","3"
"Journal of Facility Management Education and Research","10.22361","0","0","0"
"IJCERT Publication House","10.22362","0","1","1"
"Peoples' Friendship University of Russia","10.22363","12","3","15"
"University of Latvia","10.22364","36","-1","35"
"Hellenic Psychiatric Association","10.22365","25","13","38"
"Nigerian Young Academy","10.22366","0","0","0"
"University of Economics in Katowice","10.22367","6","-1","5"
"The Korea Society of Energy and Climate Change Education","10.22368","0","0","0"
"The Shodor Education Foundation, Inc.","10.22369","26","14","40"
"Universidad de Valparaiso Chile","10.22370","6","9","15"
"University of San Diego - Copley Library","10.22371","0","0","0"
"Center for Korean History","10.22372","1","2","3"
"Universitas Islam Negeri Ar-Raniry","10.22373","4","1","5"
"Dougmar Publishing Group, Inc. (ID 9644)","10.22374","4","0","4"
"International Journal of Pharma and Bio Sciences","10.22376","20","8","28"
"The Japanese Association of Educational Psychology","10.5926","1983","221","2204"
"Japanese Society of Jaw Deformities","10.5927","231","100","331"
"The Oceanographic Society of Japan","10.5928","525","625","1150"
"Administrative Issues Journal: Education, Practice and Research","10.5929","35","0","35"
"Lesgaft National State University of Physical Education, Sport and Health, St. Petersburg","10.5930","586","-6","580"
"Dalhousie Journal of Interdisciplinary Management","10.5931","27","5","32"
"Korean Society of Public Health Nursing","10.5932","593","7","600"
"Korean Academy of Pediatric Dentistry","10.5933","245","0","245"
"Korean Association of Human Ecology","10.5934","1403","9","1412"
"University of Michigan Library","10.3998","41758","7364","49122"
"Korean Society for Journalism and Communication Studies","10.20879","11","6","17"
"Association of Korean Language Education Research","10.20880","39","5","44"
"Institute of Korean Literature Studies","10.20881","0","1","1"
"Socidrogalcohol","10.20882","1111","539","1650"
"Poznan University of Medical Sciences","10.20883","4","3","7"
"Universitas Jenderal Soedirman","10.20884","42","7","49"
"Universitas Islam Indonesia (Islamic University of Indonesia)","10.20885","60","13","73"
"The Japanese Association of Administrative Science","10.5651","104","6","110"
"The Japan Society of International Economics","10.5652","6","3","9"
"The Korean Society for Reproductive Medicine (KAMJE)","10.5653","853","316","1169"
"Revista ACTA Geografica","10.5654","29","0","29"
"Southern Med Review","10.5655","71","24","95"
"Korean Society of Applied Entomology","10.5656","979","253","1232"
"The Korean Society of Fisheries and Aquatic Science","10.5657","1950","101","2051"
"The Korean Society of Wood Science Technology","10.5658","595","43","638"
"Institute for the Study of North Korean Life","10.17321","11","1","12"
"National Research University, Higher School of Economics (HSE)","10.17323","587","48","635"
"The International Fiscal Association of Korea","10.17324","0","0","0"
"Sogang Journal of Philosophy","10.17325","14","1","15"
"Journal of Humanities, Seoul National University","10.17326","9","2","11"
"Institute of Public Policy and Administration","10.17327","16","2","18"
"The Korean Association for Cultural Sociology","10.17328","50","-1","49"
"The Association for Korea Culture Studies","10.17329","14","2","16"
"Korea Environment Institute","10.17330","53","6","59"
"Institute for Far Eastern Studies, Kyungnam University","10.17331","30","10","40"
"Journal of Pediatric Sciences","10.17334","6","0","6"
"Sakarya Universitesi Ilahiyat Fakultesi Dergisi","10.17335","0","0","0"
"Istanbul Gelisim University Journal of Social Sciences","10.17336","2","0","2"
"The Korean Society of Vision Science","10.17337","51","-1","50"
"Active Aging Research Center","10.17338","170","17","187"
"EJOVOC","10.17339","2","0","2"
"Korean Neurological Association","10.17340","32","3","35"
"Journal of the Faculty of Engineering and Architecture of Gazi University","10.17341","16","-1","15"
"Korean Insurance Academic Society","10.17342","0","0","0"
"Medical Journal of Suleyman Demirel University","10.17343","0","0","0"
"Slovenian Chemical Society","10.17344","277","107","384"
"Universitat Rovira I Virgili","10.17345","19","0","19"
"Escola Superior de Educacao de Paula Frassinetti","10.17346","6","0","6"
"Innovative Pedagogical Technologies LLC","10.17347","0","0","0"
"Botanical Research Institute of Texas","10.17348","1291","496","1787"
"University of Lincoln, School of Film and Media and Changer Agency","10.17349","23","-2","21"
"Hitte Journal of Science and Engineering","10.17350","12","8","20"
"Society for Social Studies of Science (4S)","10.17351","79","10","89"
"AEPress, s.r.o.","10.4149","7161","2605","9766"
"The Korean Powder Metallurgy Institute","10.4150","633","143","776"
"Pontificia Universidad Catolica de Valparaiso","10.4151,10.3856,10.2225,10.5027","5026","2389","7415"
"Portuguese Society of Electrochemistry","10.4152","1315","1107","2422"
"The Korean Mathematical Society","10.4134","5377","1994","7371"
"Consortia Academia Publishing","10.5861","501","40","541"
"Saint Petersburg State Polytechnical University","10.5862","316","27","343"
"Pediatric Pharmacy Advocacy Group","10.5863","173","41","214"
"Canadian Institute of Public Health Inspectors","10.5864","44","12","56"
"Research Institute for Knowledge Content Development & Technology","10.5865","56","7","63"
"National Academy of Dentistry","10.5866","10","3","13"
"Medwave Estudios Limitada","10.5867","127","62","189"
"International Association of Astacology","10.5869","88","11","99"
"British Academy","10.5871","2253","53","2306"
"Association for the Advancement of Psychological Science","10.5872","14","2","16"
"The Japan Society of Christian Studies","10.5873","4","7","11"
"The Food System Research Association of Japan","10.5874","59","8","67"
"International Journal of Automation and Smart Technology","10.5875","152","42","194"
"eSciPub LLC","10.28933","1","0","1"
"Institute of Economic Sciences","10.28934","0","0","0"
"Dragonwell, LLC","10.28935","0","0","0"
"Iraqi Journal of Market Research and Consumer Protection","10.28936","0","0","0"
"Felix Meiner Verlag GmbH","10.28937","11","0","11"
"Mattering Press","10.28938","3","0","3"
"Institucio Alfons el Magnanim","10.28939","0","0","0"
"Sociedad Mexicana de la Ciencia del Suelo A.C.","10.28940","1","0","1"
"Weed Science Society of Pakistan","10.28941","1","0","1"
"Uptodate In Medicine LLC","10.28942","0","0","0"
"Lebanon Support","10.28943","0","0","0"
"Institut Dirosat Islamiyah Al-Amien Prenduan Sumenep","10.28944","0","0","0"
"Informing Science Institute","10.28945","2720","171","2891"
"Universitas Sriwijaya","10.28946","0","0","0"
"Huitzil - Revista Mexicana de Ornitologia","10.28947","0","0","0"
"Omer Halisdemir Universitesi Muhendislik Bilimleri Dergisi","10.28948","0","0","0"
"Bilimname","10.28949","0","0","0"
"Revista FOCO","10.28950","0","0","0"
"Revista Brasileira de Biometria","10.28951","0","0","0"
"Arquivos Brasileiros de Cirurgia Digestiva Express","10.28952","0","0","0"
"Case Western Reserve University","10.28953,10.20411","125","28","153"
"Association Science2 (Science Squared)","10.28954","1","1","2"
"Alinteri Zirai Bilimler Dergisi","10.28955","0","0","0"
"Guvenlik Bilimleri Dergisi (ID 11500)","10.28956","0","0","0"
"Asociacion Colombiana de Medicina Fisica y Rehabilitacion","10.28957","1","0","1"
"Balai Riset dan Standardisasi Industri Palembang","10.28959","0","0","0"
"Universidad Autonoma de Sinaloa","10.28960","0","0","0"
"Kursor","10.28961","3","0","3"
"eccElearning","10.28962","0","0","0"
"Cultura y Representaciones Sociales","10.28965","0","0","0"
"Pacific States Marine Fisheries Commission","10.28966","0","0","0"
"ZygoScient Research Insights Inc.","10.28967","0","0","0"
"Catalyst Journal","10.28968","0","0","0"
"Iraqi Journal of Embryos and Infertility Researches","10.28969","0","0","0"
"Universitaria Agustiniana","10.28970","0","0","0"
"James P. Adams Library, Rhode Island College","10.28971","0","0","0"
"Korean Elementary Counselor Education Association","10.28972","0","0","0"
"Idojaras","10.28974","1","0","1"
"Jeonbuk Historical Association","10.28975","0","0","0"
"Revista Brasileira de Pesquisa em Educacao em Ciencia","10.28976","3","0","3"
"The Institute for Biblical Text Research of the Korean Bible Society","10.28977","0","0","0"
"Natural and Engineering Sciences","10.28978","5","-1","4"
"Canakkale Onsekiz Mart Universitesi Fen Bilimleri Enstitusu Dergisi","10.28979","0","0","0"
"Hikmet Akademik Edebiyat Dergisi","10.28981","0","0","0"
"Journal of Surgery and Medicine","10.28982","0","0","0"
"FSBEU HE Saratov SAU","10.28983","0","0","0"
"Laurentian University Library","10.28984","0","0","0"
"Journal of Science and Cycling","10.28985","0","0","0"
"Audit Board of the Republic of Indonesia","10.28986","0","0","0"
"International Academy for Research in Learning Disabilities","10.28987","0","0","0"
"SENATIK","10.28989","0","0","0"
"Journal of Applied Instructional Design","10.28990","2","0","2"
"Italian Journal of Science and Engineering","10.28991","16","0","16"
"Universitas Pasundan Kampus 2","10.28992","2","0","2"
"International Journal of Nutrology","10.22565","0","1","1"
"Brazilian Journal of Information Science: Research Trends","10.22566","0","0","0"
"Revista Eniac Pesquisa","10.22567","0","1","1"
"Jornal de Estudos Espiritas","10.22568","0","0","0"
"Revista Ergodesign e HCI","10.22570","0","0","0"
"Acta Brasiliensis","10.22571","4","2","6"
"Media Research Publications","10.22572","2","3","5"
"Skyfox Publishing","10.22573","0","0","0"
"The Society for the Promotion of Mechanism and Institution Design","10.22574","1","0","1"
"The Japanese Society of Interventional Radiology","10.22575","2","0","2"
"Society of Scientific Footprints","10.22576","0","0","0"
"College of Medicine, Alnahrain University","10.22578","0","0","0"
"Universidad de los Llanos","10.22579","12","6","18"
"Mondal I-Sciences","10.22580","2","1","3"
"Mehran University of Engineering and Technology","10.22581","8","0","8"
"NomadIT","10.22582","0","0","0"
"Department of Arabic Studies and Islamic Civilization","10.22583","0","0","0"
"Yukon College","10.22584","0","0","0"
"Centro Internacional Virtual de Investigacion en Nutricion (CIVIN)","10.22585","4","0","4"
"Croatian Institute of History (Hrvatski Institut za Povijest)","10.22586","0","0","0"
"American-Eurasian Network for Scientific Information (AENSI)","10.22587","0","0","0"
"The Korean Holistic Arts Therapy Association","10.22588","0","0","0"
"Korea Academy of Care Management","10.22589","0","0","0"
"Magyar Urologia","10.22591","0","0","0"
"Revista Odontoestomatologia","10.22592","2","0","2"
"Defense Acquisition University Press","10.22594","2","0","2"
"Atlanta University Center - Robert W. Woodruff Library","10.22595","0","0","0"
"Faculty of Education, Harran University","10.22596","0","0","0"
"Faculty of Economics and Business, University of Zagreb","10.22598","2","0","2"
"White Rose University Press (ID 9887)","10.22599","19","4","23"
"Investigacoes em Ensino de Ciencias (IENCI)","10.22600","15","-5","10"
"Tallinn University Press","10.22601","5","-4","1"
"Books on Demand","10.22602","0","0","0"
"Japanese Society for Spine Surgery and Related Research","10.22603","9","4","13"
"University of Colorado Denver","10.22604","0","0","0"
"Rural and Remote Health","10.22605","18","2","20"
"Isaac Scientific Publishing Co., Ltd.","10.22606","97","-30","67"
"KROS Publications","10.22607","0","0","0"
"Asia Pacific Academy of Ophthalmology","10.22608","94","27","121"
"Emertec Research and Development","10.22609","0","0","0"
"AMH International Conferences and Seminars Organizing LLC","10.22610","8","-1","7"
"Jurnal Pendidikan Fisika","10.22611","5","0","5"
"Zeitschrift fur Praktische Philosophie","10.22613","20","-2","18"
"Revista Saber Cientifico","10.22614","0","0","0"
"Journal of Geospatial Modelling","10.22615","0","0","0"
"Latvia University of Life Sciences and Technologies","10.22616","24","3","27"
"Asian Development Bank","10.22617","23","6","29"
"SJT Trivent SRL","10.22618","6","0","6"
"Centre for Multidisciplinary Research, Innovation and Collaboration (C-MRiC)","10.22619","6","1","7"
"Agricultural University","10.22620","5","1","6"
"Ottawa Field-Naturalists' Club","10.22621","930","543","1473"
"International Journal of Applied and Pure Science and Agriculture","10.22623","1","0","1"
"Creative Research Publishers","10.22624","0","0","0"
"SPRIDA (ID 9914)","10.22625","1","1","2"
"Journal of Childrens Infections (ID 9918)","10.22627","3","0","3"
"Global Institute for Japanese Studies - Border Crossings","10.22628","0","0","0"
"Warsaw University of Life Sciences – SGGW Press","10.22630","9","2","11"
"eJournalPlus","10.22631","20","4","24"
"Computer Science Laboratory Press","10.22632","7","-1","6"
"Revista Eletronica Politica e Gestao Educacional","10.22633","0","0","0"
"Korean Association for Business Communication (ID 16402)","10.22682","0","0","0"
"Science Publishing Corporation","10.14419","812","157","969"
"Foundation Consulting and Legal Protection of Citizens","10.14420","0","0","0"
"Al-Jamiah Research Centre","10.14421","24","1","25"
"Universidad Pontificia Comillas","10.14422","20","1","21"
"Southern Medical Association","10.14423","593","187","780"
"International Journal of Construction Supply Chain Management","10.14424","101","-54","47"
"University of Malaya Press","10.14425","97","9","106"
"University of the Western Cape Library Service","10.14426","42","-2","40"
"All-Russian National Academy of Mycology","10.14427","0","0","0"
"Universite Catholique de Louvain","10.14428","32","-1","31"
"Defence Scientific Information and Documentation Centre","10.14429","3974","1508","5482"
"The Arctic Institute of North America","10.14430","12574","5588","18162"
"Japanese Society of Tea Science and Technology","10.5979","177","95","272"
"Revista de Tecnologia da Informacao e Comunicacao","10.12721","14","2","16"
"Revista Educacao Agricola Superior - ABEAS","10.12722","15","-2","13"
"Christ University Bangalore","10.12723,10.12724,10.12726,10.12727","3","-2","1"
"Research Institute of Veterinary Medicine","10.12729","59","15","74"
"Chem-Bio Informatics Society","10.1273","260","80","340"
"Bursa Ilahiyat Foundation","10.12730","4","0","4"
"Science and Innovation Center","10.12731","50","-19","31"
"Academic Publications","10.12732","555","75","630"
"The American Association of Immunologists (ID 2487)","10.4049","772711","354389","1127100"
"Institute of Engineering Science, Ural Branch RAS","10.17804","27","1","28"
"Moscow University for the Humanities","10.17805","1","0","1"
"Instituto de Quimica - Univ. Federal do Mato Grosso do Sul","10.17807","19","5","24"
"Programa de Pos Graduacao em Direito da PUC-Rio","10.17808","0","0","0"
"Global Partnership on Development of Scientific Cooperation, LLC","10.17809","0","0","0"
"Preschool Teacher Training College, Vrsac, Serbia","10.17810","3","0","3"
"Universidad de Oviedo","10.17811","144","9","153"
"Global Science Publishing Group","10.17812","20","9","29"
"Mobilization Journal","10.17813","126","18","144"
"SIMP Redakcja Mechanik - Agenda Wydawnicza SIMP","10.17814","44","9","53"
"Forschungszentrum Julich, Zentralbibliothek","10.17815","425","202","627"
"ECO-Vector LLC (ID 7284)","10.17816","230","-25","205"
"Research Institute of Asian Women","10.14431","19","0","19"
"Faculty of Veterinary Medicine - Skopje","10.14432","25","17","42"
"Association of American Geographers","10.14433","6","0","6"
"IUScholarWorks","10.14434","306","31","337"
"Science Practice","10.14435","0","0","0"
"Dental Press International","10.14436","25","5","30"
"Aperito Online Publishing Private Limited","10.14437","3","0","3"
"Serbian Union of Surveyors","10.14438","10","1","11"
"Royal Conservatoire of Scotland","10.14439","3","-1","2"
"Journal of Biological Methods","10.14440","345","128","473"
"Japan Association for Evolutionary Economics","10.14441","409","71","480"
"The Japan Primary Care Association","10.14442","150","14","164"
"Korean Institute of Maritime Law","10.14443","0","0","0"
"International Journal of Spine Surgery","10.14444","278","142","420"
"Sociedad Geologica Mexicana","10.18268","87","59","146"
"Faculty of Mathematics and Science Education","10.18269","3","0","3"
"Universidad el Bosque","10.18270","29","13","42"
"Universidad Nacional Del Altiplano Puno Peru","10.18271","3","-1","2"
"Universidad San Francisco De Quito","10.18272","10","2","12"
"Universidad Industrial de Santander","10.18273","35","4","39"
"Lehigh University","10.18275","0","0","0"
"University of Szczecin","10.18276","42","-1","41"
"Ivyspring International Publisher","10.7150","42304","19068","61372"
"Faculty of Mathematics, Computer Science and Econometrics, University of Zielona Gora","10.7151","1425","1439","2864"
"University of Washington Libraries","10.7152","592","208","800"
"Rutgers University - Newark School of Public Affairs and Administration","10.22140","71","13","84"
"Publishing House Zaslavsky (ID 9405)","10.22141","24","-4","20"
"Institute of International Trade","10.22142","0","0","0"
"Asia Culture Academy of Incorporated Association","10.22143","3","1","4"
"Can Tho University","10.22144","8","1","9"
"The Australian National University","10.22145","40","1","41"
"Japanese Society for Medical and Biological Engineering","10.14326","128","29","157"
"Japan Management Training Center","10.14327","25","16","41"
"Korean Association for Multicultural Education","10.14328","28","2","30"
"Korea Society of Management Information Systems","10.14329","90","21","111"
"Yijun Institute of International Law","10.14330","25","5","30"
"Fundamental Journals","10.14331","17","1","18"
"Society of Vacuum Coaters","10.14332","3","3","6"
"Center for Education Research","10.14333","30","1","31"
"Indonesian Center for Animal Research and Development (ICARD)","10.14334","10","3","13"
"Solutionwork","10.14335","20","-8","12"
"Aging and Disease","10.14336","1321","489","1810"
"XML London","10.14337","7","1","8"
"International Journal of Particle Therapy","10.14338","212","100","312"
"GH, Inc.","10.14340","48","6","54"
"Endocrinology Research Centre","10.14341","820","-8","812"
"Society of Modern Grammar","10.14342","9","1","10"
"Trends Ahead Scientific Journals","10.14343","51","13","64"
"World Bird Names International Ornithologists Union","10.14344","77","17","94"
"The Korean Society on Thrombosis and Hemostasis","10.14345","8","2","10"
"The Korean Society of Safety","10.14346","142","17","159"
"Korean Academy of Dental Technology","10.14347","75","0","75"
"Korean Society for Molecular and Cellular Biology","10.14348","2417","944","3361"
"Fundacion Universitaria Konrad Lorenz","10.14349","41","6","47"
"Revista Investigaciones Geograficas, Boletin","10.14350","54","9","63"
"Society for the Preservation of Natural History Collections (SPNHC)","10.14351","8","0","8"
"The Charleston Co.","10.5260","104","8","112"
"Spanish Journal of Rural Development","10.5261","51","24","75"
"Turkish Nephrology Dialysis Transplantation","10.5262","57","11","68"
"Australian Society for the Study of Labour History","10.5263","82","2","84"
"UK Simulation Society","10.5013","0","0","0"
"INION RAS","10.31249","0","0","0"
"Vietnam Journals Online (JOL)","10.3125","3","0","3"
"Peter the Great Museum of Anthropology and Ethnography of the Russian Academy of Sciences (The Kunstkamera)","10.31250","0","0","0"
"Institute of Soil Science and Agrochemistry of the Siberian Branch","10.31251","0","0","0"
"Revista Portuguesa de Saude Ocupacional","10.31252","0","0","0"
"Universitas Buddhi Dharma","10.31253","0","0","0"
"BioMed Research Publishers","10.31254","0","0","0"
"Siberian Institute of Plant Physiology and Biochemistry of the Siberian Branch of RAS","10.31255","0","0","0"
"University of Kufa - Faculty of Science","10.31257","0","0","0"
"Lembaga Penelitian dan Pengabdian kepada Masyarakat Universitas Riau","10.31258","0","0","0"
"Asociacion Espanola de Ciencia Politica y de al Administracion","10.21308","5","0","5"
"Japanese Society of Toxicology","10.2131","9846","6570","16416"
"Connexions . International Professional Communication Journal","10.21310","5","-2","3"
"Facultad De Ingenieria Universidad Del Zulia","10.21311","4","-1","3"
"Riverside Architectural Press","10.21312","0","0","0"
"University of Hawaii Press","10.21313","1509","41","1550"
"Infopro Digital Services Ltd","10.21314","8580","3324","11904"
"Faculty of Computer Science, Universitas Indonesia","10.21609","46","3","49"
"Editorum, LLC (ID 9061)","10.21610","0","1","1"
"QIRT Council","10.21611","246","140","386"
"Yaratici Drama Dergisi","10.21612","4","2","6"
"Mebas Medikal Basin Yayin Ltd. Sti","10.21613","4","0","4"
"Celsius Publishing House","10.21614","40","13","53"
"Universidad CES","10.21615","8","1","9"
"Revotech Press (Research Evolution Technology Press)","10.21616","0","0","0"
"Journal of Preventive and Rehabilitative Medicine","10.21617","0","0","0"
"Faculty of Philology, University of Banja Luka","10.21618","0","0","0"
"International Archives of Obstetrics and Gynecology","10.21619","0","1","1"
"International Journal of Food and Allied Sciences","10.21620","5","2","7"
"Office of Research, Innovation and Commercialization, Iqra University","10.21621","2","0","2"
"Arab Academy for Science, Technology, and Maritime Transport (AASTMT)","10.21622","1","3","4"
"Literacy in Composition Studies","10.21623","32","7","39"
"IEREK Research Enrichment and Knowledge Exchange","10.21625","2","-1","1"
"LLC MedTestInfo","10.21626","11","0","11"
"Revista FLAMMAE","10.21628","0","0","0"
"Journal of Systems Engineering and Electronics","10.21629","76","-3","73"
"Sociedad de Ciencias Aranzadi","10.21630","17","10","27"
"Sociedade Portuguesa de Psicologia","10.21631","4","0","4"
"Prasetiya Mulya Publishing","10.21632","33","9","42"
"Augusta University","10.21633","1","1","2"
"Scinzer Scientific Publications","10.21634","0","0","0"
"Gazdasag es tarsadalom","10.21637","1","0","1"
"Irkutsk Institute of the All-Russian State University of Justice","10.21639","0","0","0"
"IBM","10.1147","85688","35814","121502"
"Meteorological Research Institute, Japan Meteorological Agency","10.2467","2204","1092","3296"
"Primary Care Respiratory Society UK","10.4104","3223","947","4170"
"Japan Society for Snow Engineering","10.4106","56","21","77"
"Japan Society of Gymnastics for All","10.4107","2","0","2"
"European Alliance for Innovation n.o.","10.4108","15316","558","15874"
"MedCrave Group, LLC","10.15406","767","58","825"
"Azerbaijan State Oil and Industry University","10.32010","0","0","0"
"Corporacion Universitaria Latinoamericana CUL","10.32012","0","0","0"
"Universitat de Valencia","10.7203","122","-1","121"
"AMSUS","10.7205","14373","5127","19500"
"Kozminski University","10.7206","31","1","32"
"Digital Preservation Coalition","10.7207","16","0","16"
"Kresge Library, Oakland University","10.21173","1","0","1"
"Sanford Inter-Science Press","10.21174","1","0","1"
"RAD Association","10.21175","8","4","12"
"Orissa Journal of Otolaryngology and Head and Neck Surgery","10.21176","0","0","0"
"FSBEIHE North Caucasian Institute of Mining and Metallurgy (STU)","10.21177","6","0","6"
"FBU SPbFRI","10.21178","0","0","0"
"Kemerovo Institute of Food Science and Technology","10.21179","11","3","14"
"The Raptor Research Foundation, Inc.","10.3356","2144","211","2355"
"Aerospace Medical Association","10.3357","4602","1641","6243"
"Australian Museum","10.3853","5957","1301","7258"
"Chelonian Research Foundation","10.3854","134","18","152"
"Journal of Infection in Developing Countries","10.3855","4325","1303","5628"
"Korean Society for Therapeutic Radiology and Oncology","10.3857","1009","315","1324"
"Philippines Journals Online (PhilJOL)","10.3860","365","54","419"
"Japanese Society of Health and Human Ecology","10.3861","279","32","311"
"Korean Thyroid Association (KAMJE)","10.11106","108","11","119"
"Pan Pacific Association of Input-Output Studies","10.11107","23","12","35"
"The Korean Association of Geographic Information Studies","10.11108","461","18","479"
"The Korean Society for Livestock Housing and Environment","10.11109","16","0","16"
"Global Business Publications","10.17578","653","392","1045"
"Sociedad Espanola de Patologia Dual (SEPD)","10.17579","0","0","0"
"Ore and Metals Publishing House","10.17580","196","31","227"
"Botanical Garden - Institute of the Far Eastern Branch of the RAS","10.17581","50","-2","48"
"ResearchersLinks Ltd","10.17582","141","23","164"
"Hipatia Press","10.17583","205","7","212"
"Sociedad Colombiana de Ciencias Hoticolas","10.17584","122","18","140"
"Japanese Society of Radiation Safety Management","10.12950","49","27","76"
"Japan Veterinary Cancer Society","10.12951","1","1","2"
"Revista de Ciencia de Madeira","10.12953","49","6","55"
"Asian Pacific Prostate Society","10.12954","234","114","348"
"Central Bohemia University","10.12955","50","6","56"
"Turkish Journal of Pediatric Disease","10.12956","4","1","5"
"Istituto Superiore di Sanita","10.4415","243","98","341"
"Crimson Publishers","10.31031","2","1","3"
"BPAS Publishers LLP","10.31032","0","0","0"
"Vandana Publications","10.31033","0","0","0"
"China Geology","10.31035","0","1","1"
"Korean Society for Adolescents and Filial Piety Culture","10.31036","0","0","0"
"The Society of Korean Thought and Culture","10.31037","0","0","0"
"Research Desk Inc","10.31038","0","0","0"
"Zaman University","10.31039","1","0","1"
"Down Syndrome Education International","10.3104","1400","698","2098"
"FSBSI Ufa Federal Research Centre of the RAS","10.31040","0","0","0"
"Russian Research Institute of Farm Animal Genetics and Breeding","10.31043","0","0","0"
"Science & Technology","10.31044","0","0","0"
"American Theological Library Association","10.31046","0","0","0"
"Universidad Nacional de Cordoba","10.31047,10.31048,10.31051,10.31052,10.31053,10.31055,10.31057","5","2","7"
"International Technology and Science Publications","10.31058","1","1","2"
"Crimean Astrophysical Observatory","10.31059","0","0","0"
"Mammalogical Society of Japan","10.3106","1869","530","2399"
"Revista de Desenvolvimento e Politicas Publicas - REDEPP","10.31061","0","0","0"
"Ural Branch of the RAS","10.31063","0","0","0"
"Koreanische Gesellschaft fur Germanistik (ID 16085)","10.31064","0","0","0"
"Art History Association of Korea (ID 16033)","10.31065","2","0","2"
"Hwarang Dae Research Institute (ID 15966)","10.31066","1","-1","0"
"Acibadem Universitesi Saglik Bilimleri Dergisi","10.31067","0","0","0"
"Revista Teoria e Pesquisa","10.31068","0","0","0"
"Journal of Applied Pharmaceutical Sciences and Research","10.31069","0","0","0"
"Graduate School of Environmental Science, Okayama University","10.3107","43","36","79"
"Minerva Science Magazine","10.31070","0","0","0"
"Kharkiv Medical Academy of Postgraduate Education KHMAPO (ID 16159)","10.31071","0","0","0"
"Revista FAEMA","10.31072","0","0","0"
"Publishing House of National Academy Agrarian Sciences of Ukraine (ID 16211)","10.31073","0","0","0"
"The Road Association of Serbia Via-vita","10.31075","0","0","0"
"Weight Stigma Conference","10.31076","0","0","0"
"Centre for Ageing Better","10.31077","0","0","0"
"Constitutional Court of the Republic of Indonesia","10.31078","0","0","0"
"FSBEI HE Far Eastern State Transport University (FESTU)","10.31079","0","0","0"
"Acta Scientifica Publications Pvt. Ltd.","10.31080","0","1","1"
"Healthcare of Kazakhstan","10.31082","1","0","1"
"IMR Press","10.31083","1","0","1"
"IG UFRC RAS","10.31084","0","0","0"
"Izdatelstvo Prospekt LLC","10.31085","0","0","0"
"The Turkish Journal of Geriatrics","10.31086","0","0","0"
"LLC VNIGNI-2","10.31087","0","0","0"
"FSBSI Research Institute of Human Morphology","10.31088","0","0","0"
"FSBI Research Institute of Occupational Health RAMS (ID 15948)","10.31089","2","0","2"
"Berghahn Books","10.3167","7796","1363","9159"
"Revista Derecho Publico","10.31672","0","0","0"
"Lincoln University College (ID 16825)","10.31674","0","0","0"
"Tomsk State University of Architecture and Building (ID 16826)","10.31675","0","0","0"
"Federal State Budgetary Scientific Institution All-Russian Horticultural Institute for Breeding Agrotechnology and Nursery","10.31676","0","0","0"
"Adam Akademi Sosyal Bilimler Dergisi (ID 16830)","10.31679","0","0","0"
"Chinese Journal of Plant Ecology","10.17521","691","198","889"
"Necatibey Faculty of Education Electronics Journal of Science and Mathematics Education","10.17522","0","0","0"
"Instituto do Zootecnia","10.17523","49","8","57"
"ABRACICON: Academia Brasileira de Ciencias Contabeis","10.17524","19","2","21"
"Sociedade Brasileira de Virologia","10.17525","86","22","108"
"The Korea Society of Aesthetics and Science of Art","10.17527","1","0","1"
"Center for International Forestry Research (CIFOR)","10.17528","90","39","129"
"Jurnal Rekayasa Elektrika (JRE)","10.17529","5","0","5"
"The Journal of Engineering and Fundamentals","10.17530","3","2","5"
"Polskie Naukowo-Techniczne Towarzystwo Eksploatacyjne (ID 7034)","10.17531","412","125","537"
"University of Sarajevo Faculty of Health Sciences","10.17532","54","9","63"
"Universidad de Antioquia","10.17533","134","19","153"
"Knowledge Ecology International","10.17534","0","0","0"
"Croatian Operational Research Society","10.17535","57","8","65"
"Asia Pacific Association for Gambling Studies","10.17536","4","0","4"
"Institute of Mathematical Problems of Biology of RAS (IMPB RAS) (ID 6975)","10.17537","289","28","317"
"Physician Assistant Education Association","10.17538","0","1","1"
"Hikmet Yurdu Dusunce-Yorum Sosyal Bilimler Arastirma Dergisi","10.17540","0","0","0"
"Optimum Journal of Economics and Management Sciences","10.17541","3","0","3"
"Kitaibelia","10.17542","5","-1","4"
"Iskolakultura","10.17543","20","-6","14"
"Conselho Brasileiro de Oftalmologia","10.17545","0","0","0"
"Medical Science and Discovery","10.17546","7","5","12"
"Korean Society of Stress Medicine (ID 7017)","10.17547","75","13","88"
"Institute of Science Culture Exhibition and Design","10.17548","66","1","67"
"People and Global Business Association","10.17549","6","2","8"
"Journal of Academic Inquiries","10.17550","0","0","0"
"Revista Geoamazonia","10.17551","1","1","2"
"Boletim Amazonico de Geografia","10.17552","2","0","2"
"Revista do Instituto Historico e Geografico do Para","10.17553","0","0","0"
"ACT Publishing Group","10.17554","239","-45","194"
"The Korean Societ of Veterinary Clinics","10.17555","24","4","28"
"Radcliffe Group Ltd","10.15420","582","339","921"
"Oles Honchar Dnipropetrovsk National University (ID 6082)","10.15421","93","-23","70"
"Center for Environmental Research, Institute of Research and Community Services (IPB)","10.19081","2","0","2"
"Mehr Publishing Group","10.19082","415","107","522"
"Universidad Peruana de Ciencias Aplicadas","10.19083","12","4","16"
"Sociedade de Ciencias Agrarias de Portugal","10.19084","18","7","25"
"Scholedge R&D Center","10.19085","6","0","6"
"Discrete Analysis","10.19086","13","6","19"
"Jurnal Veteriner","10.19087","3","1","4"
"Institute of Development Studies","10.19088","40","11","51"
"College of Humanities and Social Sciences, UAEU","10.19089","0","0","0"
"Faculty of Philosophy, University of Novi Sad","10.19090","32","10","42"
"Revista de Ciencias da Educacao","10.19091","0","0","0"
"Instituto Rede de Pesquisa Empirica em Direito (REED)","10.19092","0","0","0"
"Revista de Estudos Sociais","10.19093","7","2","9"
"Revista Contextus Universidade Federal do Ceara","10.19094","2","0","2"
"Revista e-ciencia","10.19095","0","0","0"
"Review of International Law and Politics","10.19096","1","1","2"
"The Korean Association of Space and Environment Research","10.19097","2","1","3"
"Vanguard University","10.19099","0","0","0"
"Journal of General-Procedural Dermatology & Venereology","10.19100","1","0","1"
"Association of Computer, Communication and Education for National Triumph Social and Welfare Society (ACCENTS)","10.19101","25","4","29"
"MediaSphere Medical LLC","10.19102","18","19","37"
"Burleigh Dodds Science Publishing Limited","10.19103","25","4","29"
"Elyns Group LLC","10.19104","34","12","46"
"Sekolah Tinggi Agama Islam Negeri (STAIN) Pamekasan","10.19105","0","0","0"
"Journal of the Medical Sciences (Berkala Ilmu Kedokteran)","10.19106","2","0","2"
"Romanian Association for Information Security Assurance (RAISA)","10.19107","9","0","9"
"Watu Youth Village","10.19108","7","0","7"
"State Islamic University of Raden Fatah Palembang","10.19109","0","0","0"
"IG Komi SC UB RAS","10.19110","6","2","8"
"Bulletin of the Mineral Research and Exploration","10.19111","10","9","19"
"RUSTEM (Russian Society for Trace Elements in Medicine)","10.19112","1","2","3"
"SDU Journal of Natural and Applied Sciences","10.19113","6","0","6"
"ACTS Theology Institute","10.19114","0","0","0"
"The International Association of Comparative Korean Studies","10.19115","3","0","3"
"American Veterinary Medical Association (AVMA)","10.2460","78051","49934","127985"
"Japan Gastrointestinal Endoscopy Society","10.11641","211","42","253"
"The Kyushu Association of Neuropsychiatry","10.11642","0","0","0"
"Belgrade Centre for Security Policy","10.11643","13","0","13"
"Korean Institute for International Economic Policy","10.11644","99","18","117"
"CILIP Information Literacy Group","10.11645","373","130","503"
"Sri Venkateswara Institute of Medical Sciences","10.15380","6","-1","5"
"Universidad Nacional Mayor de San Marcos, Vicerectorado de Investigacion","10.15381","407","262","669"
"Association for Vascular Access","10.2309","554","343","897"
"Decker, Inc.","10.2310","17633","12306","29939"
"Global Science Press (ID 2725)","10.4208","5277","3461","8738"
"Taiwan Association for Aerosol Research","10.4209","2390","1721","4111"
"Smith School of Enterprise and the Environment","10.4210","3","0","3"
"Consortium of Universities for the Advancement of Hydrologic Science, Inc. (CUAHSI)","10.4211","33","5","38"
"Canadian Society of Hospital Pharmacists (CSHP)","10.4212","120","22","142"
"Hanminjok Emunhakhoe","10.31821","0","0","0"
"Disiplinlerarasi Akademik Turizm Dergisi (ID 17058)","10.31822","0","0","0"
"Vision Research","10.31825","0","0","0"
"GUDAPURIS LLC","10.31829","0","0","0"
"Nordic Pulp and Paper Research Journal","10.3183","4363","4725","9088"
"Gaurav Publications","10.31830","0","0","0"
"Sakarya Tip Dergisi (ID 17066)","10.31832","0","0","0"
"Roy Rosenzweig Center for History and New Media","10.31835","0","0","0"
"Letras Historicas","10.31836","0","0","0"
"Sociedad Cirugia del Uruguay","10.31837","0","0","0"
"SynthesisHub Advance Scientific Research","10.31838","0","0","0"
"Institute for the Study of Law Dong-A University","10.31839","0","0","0"
"Slovenian Forestry Institute","10.20315","16","8","24"
"European Association of Science Editors","10.20316","7","-4","3"
"Universidad Carlos III de Madrid","10.20318","6","1","7"
"Global Research & Development Services","10.20319","15","0","15"
"Facultad de Ciencias de la Salud, UDES","10.20320","3","5","8"
"Nigerian Turkish Nile University","10.20321","1","0","1"
"Littera Turca Journal of Turkish Language and Literature","10.20322","0","0","0"
"Botanical Survey of India","10.20324","11","0","11"
"Korea Evangelical Missiological Society","10.20326","0","0","0"
"Vietnam Education Foundation Fellows and Scholars Association","10.20328","0","0","0"
"Anthropologiai Kozlemenyek","10.20330","0","0","0"
"Allattani Kozlemenyek","10.20331","1","0","1"
"Krasnoyarsk State Medical University","10.20333","6","2","8"
"Sociedade Brasileira de Sociologia","10.20336","8","1","9"
"Programa de Pos-Graduacao em Ciencias da Linguagem - PPGCL/UNIVAS","10.20337","0","0","0"
"Brazilian Journal for Motor Behavior","10.20338","4","1","5"
"INOITs ALMAVEST Ltd.","10.20339","3","-1","2"
"Journal Morfologiceskie vedomosti - Morphological Newsletter","10.20340","0","0","0"
"Geologica Belgica","10.20341","16","18","34"
"Engineering Faculty of Hasanuddin University","10.20342","5","0","5"
"International Society for the Scholarship of Teaching and Learning","10.20343","157","-2","155"
"Ordem dos Medicos","10.20344","370","131","501"
"Berkeley Linguistics Society","10.20354","2","0","2"
"Instituto Nacional de Educacao de Surdos","10.20395","0","0","0"
"Universidade Estadual de Campinas","10.20396","557","56","613"
"Pontificia Universidad Catolica de Chile","10.7764","419","58","477"
"Danylo Halytskyi Lviv National Medical University (ID 10659)","10.25040","8","0","8"
"Fiat Justisia","10.25041","0","0","0"
"Center of Technology (COT)","10.25042","1","0","1"
"Corporacion de Ciencia y Tecnologia para el Desarrollo de la Industria Naval Maritima y Fluvial - COTECMAR","10.25043","0","0","0"
"Fundacion Universitaria Tecnologico de Comfenalco - FUTC","10.25044","0","0","0"
"Institute of Information Technology of Azerbaijan National Academy of Sciences","10.25045","0","0","0"
"ASTES Journal","10.25046","65","9","74"
"Politeknik Negeri Jember","10.25047","0","1","1"
"Turkish Journal of Diabetes and Obesity","10.25048","0","0","0"
"National Science Teachers Association (NSTA)","10.2505","562","52","614"
"The Daesoon Academy of Sciences","10.25050","5","1","6"
"The Korean Society for Narrative Education","10.25051","0","0","0"
"Korean Society of Supply Chain Management","10.25052","0","0","0"
"Educacao e Formacao","10.25053","0","0","0"
"Universidad Surcolombiana","10.25054","2","1","3"
"The Korean Society for Research on Nicotine and Tobacco (ID 10691)","10.25055","34","3","37"
"Korean College of Cosmetic Surgery (ID 10695)","10.25056","8","-4","4"
"Institucion Universitaria de Envigado","10.25057","2","0","2"
"Colegio Mayor de Cundinamarca","10.25058","117","6","123"
"Retratos de Assentamentos","10.25059","0","1","1"
"Tethys, Journal of Weather & Climate of the Western Mediterranean","10.3369","37","7","44"
"Institute of Life Cycle Assessment","10.3370","108","42","150"
"Walsh Medical Media, LLC","10.3371","1143","609","1752"
"Botanic Garden & Botanical Museum Berlin-Dahlem BGBM (ID 1942)","10.3372","2253","335","2588"
"Japanese Society of Service Dog Research","10.3373","5","-1","4"
"Bulletin of the Peabody Museum of Natural History","10.3374","813","181","994"
"Natural Areas Journal","10.3375","2013","565","2578"
"Journal of Vector Ecology","10.3376","1529","431","1960"
"African Zoology","10.3377","1138","304","1442"
"Human Biology (The International Journal of Population Biology and Genetics)","10.3378","1487","474","1961"
"International Leprosy Association","10.1489","309","79","388"
"Japanese Society of Clinical Pharmacology and Therapeutics","10.3999","823","372","1195"
"The Open University","10.5456","273","25","298"
"Acta Medica Saliniana","10.5457","33","10","43"
"The Japanese Society of Applied Glycoscience","10.5458","2498","1757","4255"
"Krupanidhi Educational Trust","10.18579","75","21","96"
"Sociedade Brasileira de Engenharia de Televisao (SET)","10.18580","0","0","0"
"Universidad Politecnica de Guanajuato","10.18583","0","0","0"
"International Indigenous Policy Journal (ID 7884)","10.18584","331","-22","309"
"Secretariat of The Indonesian Biomedical Journal (ID 7890)","10.18585","21","1","22"
"Mus Alparslan Universitesi Fen Bilimleri Dergisi","10.18586","1","0","1"
"Institute for Buddhist Culture","10.18587","0","0","0"
"Marshall University Libraries","10.18590","10","2","12"
"BJU International","10.18591","1","0","1"
"IAIN Antasari","10.18592","3","1","4"
"Universidade do Oeste de Santa Catarina","10.18593","9","1","10"
"Journal of the Turkish Chemical Society, Section A: Chemistry","10.18596","21","7","28"
"Federacion Colombiana de Obstetricia y Ginecologia","10.18597","17","9","26"
"Korean Society of Community-Based Occupational Therapy Association","10.18598","1","0","1"
"Georesursy","10.18599","21","3","24"
"Sulcus Publishing","10.18600","2","0","2"
"Universidad Externado de Colombia","10.18601","31","-2","29"
"Faroe University Press","10.18602","6","1","7"
"Sanat ve Tasarim Dergisi","10.18603","1","0","1"
"Tourism Management Research Organization","10.18604","3","0","3"
"Revista Cereus","10.18605","3","0","3"
"Amazonia: Science and Health","10.18606","1","0","1"
"Universidade Federal de Mato Grosso","10.18607","2","0","2"
"Society for Learning Analytics Research","10.18608","663","60","723"
"BioInsights Publishing, Ltd.","10.18609","21","29","50"
"Giftet, Inc.","10.18610","0","0","0"
"Comparative Politics","10.18611","7","0","7"
"CNU Research Institute of Education","10.18612","35","-1","34"
"Maritime Faculty Journal - Denizcilik Fakultesi Dergisi","10.18613","0","0","0"
"Dokuz Eylul Universitesi Tip Fakultesi Dergisi","10.18614","0","0","0"
"Fundacao Educacional de Criciuma- FUCRI","10.18616","2","0","2"
"Liinc em Revista","10.18617","32","3","35"
"Associacao Brasileira de Eletronica de Potencia SOBRAEP","10.18618","7","1","8"
"FSBSI All-Russian Scientfic Research Institute of Vegetable Breeding and Seed Production","10.18619","24","-1","23"
"Foundation for the Development of Bone Marrow Transplantation","10.18620","4","1","5"
"Pan African Medical Journal","10.11604","2013","268","2281"
"Nature Research Society","10.11605","9","7","16"
"Journal of Biomedical Research","10.7555","675","185","860"
"American Osteopathic Association","10.7556","830","601","1431"
"UiT The Arctic University of Norway","10.7557","3163","1143","4306"
"British Hydrological Society","10.7558","44","16","60"
"Escola das Artes, Universidade Catolica Portuguesa","10.7559","41","-6","35"
"Evereth Publishing","10.15374","4","2","6"
"American Association of Avian Pathologists (AAAP)","10.1637","16325","6977","23302"
"American Association of Zoo Veterinarians","10.1638","7325","3403","10728"
"Japan Academy","10.2183","10280","7023","17303"
"Escuela Militar de Cadetes Jose Maria Cordova","10.21830","7","1","8"
"Universitas Negeri Yogyakarta","10.21831","30","2","32"
"Channel View Publications, Ltd.","10.21832","1018","-45","973"
"International Journal of Advanced and Applied Sciences","10.21833","83","5","88"
"e-IPH Ltd.","10.21834","32","7","39"
"Plekhanov University of Economics","10.21835","0","0","0"
"Asociacion Mexicana de Comportamiento y Salud, A.C.","10.5460","15","1","16"
"Sociedad Mexicana de Medicina Conductual","10.5461","3","0","3"
"VU E-Publishing","10.5463","251","45","296"
"Ecoscience","10.2980","5197","2084","7281"
"Wildlife Biology","10.2981","5071","1215","6286"
"East African Natural History Society","10.2982","740","260","1000"
"Center for Open Science","10.31227,10.31228,10.31229,10.31230,10.31231,10.31232,10.31233,10.31234,10.31235,10.31236,10.31237,10.31730,10.31219,10.31220,10.31221,10.31222,10.31223,10.31224,10.31225,10.31226","43","-5","38"
"Japanese Environmental Mutagen Society","10.3123","387","360","747"
"Associacao Paulista do Ministerio Publico","10.31238","0","0","0"
"Revista Latino-Americana De Arqueologia Historica","10.31239","3","0","3"
"Society of Exploration Geophysicists of Japan","10.3124","175","36","211"
"Scientia Canonica","10.31240","0","0","0"
"GI KSC RAS","10.31241","0","0","0"
"Academy of Sciences of the Republic of Sakha (Yakutia)","10.31242","0","0","0"
"Universidad Tecnica de Ambato - Carrera de Medicina","10.31243","0","0","0"
"Waxmann","10.31244","0","0","0"
"Egitim Danismanligi ve Arastirmalari (EDAM)","10.12738","179","3","182"
"NWSA Academic Journals","10.12739","15","2","17"
"Japanese Society of  Mammalian Ova Research","10.1274","598","331","929"
"Komitet Redakcyjno - Wydawniczy Polskiego Towarzystwa Psychiatrycznego","10.12740","444","52","496"
"Entomo Brasilis","10.12741","264","55","319"
"Samtid","10.12742","1","0","1"
"Quanta","10.12743","127","16","143"
"International Association of Clinical Neuropsychotherapy","10.12744","27","13","40"
"Early Theatre","10.12745","99","11","110"
"The Southwest Respiratory and Critical Care Chronicles (SWRCCC)","10.12746","12","9","21"
"Journal Review Foundation","10.12747","56","1","57"
"Usak University Journal of Material Sciences","10.12748","6","2","8"
"Korean Society of Animal Reproduction","10.12749","15","9","24"
"Korean Society of Embryo Transfer","10.12750","33","4","37"
"Ewha Womans University School of Medicine (KAMJE)","10.12771","109","3","112"
"The Korean Fiber Society","10.12772","175","3","178"
"The Asian Association of World Historians","10.12773","22","0","22"
"University of Toronto Medical Journal","10.5015","5","0","5"
"UNESP - Universidade Estadual Paulista","10.5016","45","20","65"
"ZBW - German National Library of Economics","10.5018","472","188","660"
"Soft Computing and Intelligent Information Systems","10.5019","681","155","836"
"Fundacao Edson Queiroz","10.5020","352","46","398"
"Korean Dermatological Association and The Korean Society for Investigative Dermatology (KAMJE)","10.5021","4883","1490","6373"
"Japanese Society of Applied Statistics","10.5023","238","43","281"
"Historical Society of English Studies in Japan","10.5024","1","0","1"
"Mersin Universitesi Tip Fakultesi Lokman Hekim Tip Tarihi ve Folklorik Tip Dergisi (ID 15968)","10.31020","0","0","0"
"Boffin Access Limited","10.31021","1","-1","0"
"A-R Editions","10.31022","0","0","0"
"Faculty of Economics and Business, The University of Lampung","10.31023","0","0","0"
"N.S. Memorial Scientific Research and Education Society","10.31024","0","0","0"
"Eurowaste SRL (ID 16261)","10.31025","0","0","0"
"Journal of Engineering","10.31026","0","0","0"
"Ontario Drug Policy Research Network (ODPRN)","10.31027","3","-2","1"
"Balai Penelitian dan Pengembangan Irigasi","10.31028","3","0","3"
"Daghestan Scientific Center of Russian Academy of Science","10.31029","0","0","0"
"HORS Publishing House, LLC","10.24158","0","0","0"
"Education Research Institute","10.24159","69","15","84"
"Moscow Power Engineering Institute (MPEI)","10.24160","8","1","9"
"The Society for Chinese Historical Researches","10.24161","0","0","0"
"Estudios Irlandeses","10.24162","31","12","43"
"International Journal of Applied Research and Technology","10.24163","0","0","0"
"Balai Arkeologi Jawa Barat","10.24164","0","0","0"
"Journal of Neurological Sciences (Turkish)","10.24165","0","0","0"
"Internet Mathematics","10.24166","4","0","4"
"Soegijapranata Catholic University","10.24167","0","1","1"
"Revista Prumo","10.24168","0","0","0"
"Korea Centers for Disease Control and Prevention (ID 10266)","10.24171","26","12","38"
"Korea Health Communication Association","10.24172","0","0","0"
"Da Vinci Mirea Institute of General Education","10.24173","1","0","1"
"Research Institute for Image and Cultural Contents","10.24174","1","0","1"
"Scientific Big Data, S.L.","10.24175","0","0","0"
"Universitas Muria Kudus","10.24176","4","1","5"
"Hong Kong Institute for Research and Innovation in Technology","10.24177","0","0","0"
"Research Plus Journals","10.24178","13","2","15"
"Otorhinolaryngology and Head and Neck Surgery Society","10.24179","0","0","0"
"Uluslararasi Tarim ve Yaban Hayati Bilimleri Dergisi","10.24180","0","0","0"
"Tarim Ekonomisi Dergisi","10.24181","0","0","0"
"Korean Association for Research, Procedures and Education on Trauma","10.24184","4","0","4"
"Sungshin Women's University Humanities Research Institute","10.24185","0","0","0"
"Vakanuvis International Journal of Historical Researches","10.24186","0","0","0"
"Institut National de la Statistique et des Etudes Economiques (INSEE)","10.24187","3","1","4"
"Universidad de Sucre","10.24188","11","3","14"
"Fund for Support and Development of Protected Areas","10.24189","5","-1","4"
"European Biotechnology Thematic Network Association","10.24190","10","3","13"
"redfundamentos SL","10.24192","2","0","2"
"Babes-Bolyai University","10.24193","68","10","78"
"Publishing House Scientific Review","10.24194","0","0","0"
"Ushynsky University","10.24195","5","-2","3"
"Ediciones Universidad de Valladolid","10.24197","7","1","8"
"Modern English Society","10.18095","4","0","4"
"Theory, Methodology, Practice","10.18096","1","1","2"
"Institute of Biochemistry","10.18097","533","120","653"
"Forensicwayout","10.18099","0","0","0"
"International Journal of Applied Mathematics, Electronics and Computers","10.18100","44","12","56"
"Buryat State University","10.18101","0","0","0"
"Society of Pansori","10.18102","0","0","0"
"Korean Academy of International Commerce","10.18104","15","1","16"
"The Society for History of Education","10.18105","6","-1","5"
"Institute of Global Affairs","10.18107","21","2","23"
"Korean Society for Engineering Education","10.18108","170","14","184"
"Institute for EU Studies","10.18109","1","0","1"
"The Korean Linguistic Society","10.18110","0","0","0"
"World Tourism Organization (UNWTO)","10.18111","20","-6","14"
"Boise State University","10.18122","5","-1","4"
"University of Virginia","10.18130","25","23","48"
"CRIFPE","10.18162","69","1","70"
"Society of American Foresters","10.5849","2134","524","2658"
"The Korean Society of Clothing and Textiles","10.5850","2497","45","2542"
"Korean Society for Food Science of Animal Resources","10.5851","2718","627","3345"
"Museum National D'Histoire Naturelle","10.5852","147","6","153"
"Korean Stroke Society","10.5853","1524","491","2015"
"International Academy of Physical Therapy Research","10.5854","24","7","31"
"The Korean Society for Energy","10.5855","143","18","161"
"Korean Academy of Dental Sciences","10.5856","15","6","21"
"Korean Society of Photoscience","10.5857","31","21","52"
"Archives of Pathology and Laboratory Medicine","10.5858","9526","3565","13091"
"Japan Society for Cell Biology","10.1247","10120","9747","19867"
"Content-Press Scientific and Publishing Company","10.14570","0","0","0"
"Science and Education Research Council (COPEC)","10.14571,10.14684","13","1","14"
"Departamento de Educacao FCT/Unesp","10.14572","18","1","19"
"ALTEX Edition","10.14573","2081","1418","3499"
"Online Journal of Rural Nursing and Health Care","10.14574","104","-46","58"
"Green Lines Institute for Sustainable Development","10.14575","2","1","3"
"Proteopedia","10.14576","0","1","1"
"Korean Institute of Rural Architecture","10.14577","20","3","23"
"Korean Forest Society","10.14578","200","14","214"
"The Membrane Society of Korea","10.14579","25","25","50"
"Institute of APEC Collaborative Education","10.14580","2","-1","1"
"Korean Epilepsy Society","10.14581","171","99","270"
"Dicle Universitesi Ziya Gokalp Egitim Fakultesi Dergisi","10.14582","2","0","2"
"Revista Nativa","10.14583","110","-35","75"
"Associacao de Investigadores da Imagem em Movimento","10.14591","5","0","5"
"ERFARET","10.14602","1","1","2"
"Assonebb","10.14612","1","0","1"
"Societa Italiana di Vittimologia","10.14664","1","0","1"
"Federal University of Technology - Parana","10.14685","4","6","10"
"Bartin Universitesi Egitim Fakultesi Dergisi","10.14686","6","1","7"
"Uluslararasi Insan Bilimleri Dergisi","10.14687","100","17","117"
"Global Science and Technology","10.14688","70","-4","66"
"Ani Publishing and Consulting Company","10.14689","71","2","73"
"IESUR/FAAr","10.14690","0","0","0"
"Stowarzyszenie Psychologia i Architektura (Society for Psychology and Architecture)","10.14691","28","-6","22"
"The Indonesian Phytopathological Society","10.14692","15","1","16"
"Journal of Dentistry Indonesia","10.14693","11","1","12"
"Korean Society for Emotion and Sensibility","10.14695","18","0","18"
"Korea Regional Communication Research Association","10.14696","9","0","9"
"The Korean Association for Science Education","10.14697","596","-6","590"
"The Korean Association of Child Care & Education","10.14698","85","4","89"
"Korean Biblia Society for Library and Information Science","10.14699","103","3","106"
"Korean Institute of Traditional Landscape Architecture","10.14700","25","1","26"
"The Korean Association of Hepato-Biliary-Pancreatic Surgery","10.14701","186","80","266"
"Korean Institute for Practical Engineering Education","10.14702","4","0","4"
"Institute for the Theology of Culture: New Wine, New Wineskins","10.11630","0","0","0"
"European Paediatric Association","10.11633","0","0","0"
"World Scholars","10.11634","104","30","134"
"Om Vindhyavasini College of IT and Management","10.11635","3","0","3"
"Geoscience Australia","10.11636","51","5","56"
"Korean Association of Physical Anthropologists (KAMJE)","10.11637","231","91","322"
"Japanese Society for Surgical Metabolism and Nutrition","10.11638","7","3","10"
"Society of Japan Science Teaching","10.11639","4","0","4"
"Gokaraju Rangaraju Educational Society","10.11127","26","167","193"
"ARGESIM Arbeitsgemeinschaft Simulation News","10.11128","25","5","30"
"DETAIL Business Information GmbH","10.11129","143","22","165"
"International Association for Bridge and Structural Engineering (IABSE)","10.2749","3113","1604","4717"
"Association of Rural Planning","10.2750","537","63","600"
"Division of Chemical Information and Computer Sciences","10.2751","235","121","356"
"Centro de Estudos Latino-Americanos sobre Cultura e Comunicacao (CELACC - ECA/USP)","10.5841","0","0","0"
"Japan Society for Oral Tumors","10.5843","110","82","192"
"Japan Society of Marketing and DIstribution","10.5844","16","2","18"
"Research Society of Buddhism and Cultural Heritage","10.5845","0","0","0"
"Acta Ecologica Sinica","10.5846","1247","489","1736"
"World Journal of Emergency Medicine","10.5847","645","287","932"
"IS, GUC (The Journal of Industrial Relations and Human Resources)","10.4026","25","6","31"
"Alaska Sea Grant","10.4027","690","79","769"
"International Association for Multidisciplinary Research (IAMURE)","10.7718","26","1","27"
"Philippine Association of Institutions for Research (PAIR)","10.7719","9","1","10"
"Colegio Brasileiro de Atividade Fisica Saude e Esporte (COBRASE)","10.3900","117","53","170"
"Swinburne University of Technology","10.7790","516","69","585"
"Sumart Processing Society for Minerals, Environment and Energy","10.7791","195","49","244"
"Japanese Society of Limb Salvage and Podiatric Medicine","10.7792","4","0","4"
"The Japanese Coronary Association","10.7793","19","5","24"
"University of Hamburg, Biodiversitat, Evolution and Okologie der Pflanzen","10.7809","357","44","401"
"Bridget Williams Books","10.7810","754","42","796"
"The Permanente Press","10.7812","2230","821","3051"
"Swansea University","10.23889","8","1","9"
"Sustainable Aviation Research Society","10.23890","0","0","0"
"Yuzunci Yil Universitesi Egitim Fakultesi Dergisi","10.23891","1","0","1"
"Marmara Business Review","10.23892","2","0","2"
"​Acta Pharmaceutica Sciencia","10.23893","2","0","2"
"Korean Journal of Comparative Criminal Law","10.23894","11","15","26"
"Korea Development Institute","10.23895","36","13","49"
"Centro Latino-Americano de Estudos em Cultura - CLAEC","10.23899","0","0","0"
"Revista Politicas Publicas e Cidades","10.23900","0","0","0"
"Trakya University Journal of Natural Sciences","10.23902","1","0","1"
"The Korean Society for Pastoral Care and Counseling","10.23905","11","2","13"
"Instituto Portugues de Relacoes Internacionais, Universidade Nova de Lisboa","10.23906","0","0","0"
"Academic Forensic Pathology International","10.23907","356","91","447"
"The Society of Philosophical Studies","10.23908","0","0","0"
"Korean Association of Christian Counseling and Psychology","10.23909","0","0","0"
"Puspa Publishing House","10.23910","6","2","8"
"Revdesportiva, LDA","10.23911","0","0","0"
"Goodfellow Publishers, Ltd. (ID 10001)","10.23912","16","0","16"
"Centro de Estudios e Investigaciones para el Desarrollo Docente - CENID","10.23913","6","6","12"
"JAS Arqueologia S.L.U.","10.23914","3","1","4"
"Distill Working Group","10.23915","44","10","54"
"Ikatan Konselor Indonesia (IKI)","10.23916","2","0","2"
"Universitas Muhammadiyah Surakarta","10.23917","27","1","28"
"Ishik University","10.23918","0","2","2"
"Chinese Medical Sciences Journal","10.24920","6","3","9"
"Carl Grossman Verlag","10.24921","0","0","0"
"Doctoral Program in Tourism","10.24922","0","0","0"
"LLC Publisher Stavrolit","10.24923","0","0","0"
"FTMS College","10.24924","3","1","4"
"Turkish Journal of Agriculture - Food Science and Technology (TURJAF)","10.24925","56","16","72"
"University of Minnesota","10.24926","37","25","62"
"ICETA","10.24927","0","1","1"
"IGLC","10.24928","21","6","27"
"Universitas Wiraraja","10.24929","0","0","0"
"International Journal of Advanced Information Science and Technology","10.15693","1","1","2"
"Association for Medical Education in Europe (AMEE)","10.15694","70","1","71"
"Vanderbilt University Library","10.15695","25","3","28"
"Journal of Nursing and Socioenvironmental Health","10.15696","3","0","3"
"Shared Science Publishers OG","10.15698","545","285","830"
"Society of Biblical Literature/SBL Press","10.15699","3","0","3"
"Education Association of South Africa","10.15700","866","-58","808"
"Korea Computer Graphics Society","10.15701","19","1","20"
"Korean Counseling Association (NRFK)","10.15703","981","41","1022"
"The Korean Society for History of Education","10.15704","18","-3","15"
"The Korean Poetics Studies Society","10.15705","0","2","2"
"Korea Service Management Society","10.15706","195","2","197"
"Korea Employment Agency for the Disabled/Employment Development Institute","10.15707","500","-1","499"
"Korean Society for Curriculum Studies","10.15708","192","3","195"
"Korea Institute for Health and Social Affairs","10.15709","613","25","638"
"Patricia Seybold Group (PSG)","10.1571","85","10","95"
"Korean Association for Government Accounting","10.15710","0","0","0"
"Incessant Nature Science Publishers Pvt Ltd.","10.15713","39","14","53"
"Scandinavian Psychologist (ID 6367)","10.15714","66","7","73"
"Korean Society on Communication in Healthcare","10.15715","7","1","8"
"Korean Society for Drama","10.15716","1","0","1"
"Korean Society of Biology Education","10.15717","155","8","163"
"The Discourse and Cognitive Linguistics Society of Korea","10.15718","63","19","82"
"Korean Association for the Study of Intestinal Diseases","10.5217","1336","205","1541"
"Portularia, Revista de Trabajo Social","10.5218","102","-46","56"
"HACCP Consulting","10.5219","103","32","135"
"MTT Agrifood Research Finland","10.2137","1044","618","1662"
"Mineralogical Society of America","10.2138","54302","57896","112198"
"The Korean Academy of Family Medicine","10.4082,10.21215","1464","299","1763"
"Institute of Hematology, Catholic University","10.4084","1698","472","2170"
"Journal of Athletic Training/NATA","10.4085,10.5608","11842","3513","15355"
"Theory of Computing Exchange","10.4086","1749","293","2042"
"Grand Valley State University Libraries","10.4087,10.9707","1069","77","1146"
"Physicians Postgraduate Press, Inc","10.4088","102070","64678","166748"
"American Institute of Mathematical Sciences (AIMS)","10.3934","44277","19984","64261"
"Aquatic Mammals Journal","10.1578","3450","1321","4771"
"SPb RAACI","10.15789","153","-17","136"
"Korean Society of Consumer Policy and Education","10.15790","16","1","17"
"Japanese Association of Cardioangioscopy","10.15791","3","1","4"
"Journal of Chinese Language and Literature","10.15792","1","0","1"
"Korea Research Institute for Human Settlements","10.15793","135","7","142"
"English Language and Literature Association of Korea","10.15794","17","2","19"
"Yonsei Institute for North Korean Studies","10.15795","2","1","3"
"The Korean Society for Feminist Studies in English Literature","10.15796","11","0","11"
"Microbiology Research Foundation","10.2323","13233","12712","25945"
"American Cleft Palate Association","10.1597","25674","13328","39002"
"International Reading Association","10.1598","26473","4690","31163"
"University of Minnesota Press","10.5749","7669","138","7807"
"University of Buckingham Press","10.5750","443","66","509"
"Resilience Alliance, Inc.","10.5751","31321","20231","51552"
"Pontificia Universidade Catolica de Minas Gerais","10.5752","64","2","66"
"Academia Brasileira de Direito Constitucional","10.24068","0","0","0"
"Association of Science Editors and Publishers (ID 10152)","10.24069","0","0","0"
"Brazilian Journal of Veterinary Pathology","10.24070","0","1","1"
"Sanata Dharma University","10.24071","3","0","3"
"Peer Community In (ID 10161)","10.24072","0","0","0"
"Turkish Journal of Reproductive Medicine and Sugery","10.24074","1","0","1"
"Pirogov Russian National Research Medical University","10.24075","8","0","8"
"STMIK AMIKOM Yogyakarta","10.24076","0","0","0"
"Editora e Livrarias Plena Ltd.","10.24077","0","0","0"
"Central Asian Journal of Medical Sciences","10.24079","1","0","1"
"The Society of Hospital Pharmacists of Australia","10.24080","0","0","0"
"NFC Institute of Engineering and Fertilizer Research","10.24081","2","0","2"
"Alevi Bektasi Kultur Enstitusu","10.24082","0","0","0"
"Australasian College of Health Service Management","10.24083","1","0","1"
"AEDERMACP (European Association for the Development of Renewable Energies and Power Quality)","10.24084","628","70","698"
"Cihan University of Erbil","10.24086","0","0","0"
"The International Annals of Medicine","10.24087","2","1","3"
"International Journal of Business and Economic Affairs","10.24088","0","0","0"
"Jurusan Sistem Informasi","10.24089","2","2","4"
"IAIN Purwokerto","10.24090","1","0","1"
"Turkish Rhinologic Society","10.24091","1","0","1"
"Current Research in Pharmaceutical Sciences","10.24092","1","0","1"
"AWEJ Group","10.24093","12","0","12"
"Union of Mechanical and Electrotechnical Engineers and Technicians of Serbia (SMEITS)","10.24094","0","0","0"
"Health Promotion and Chronic Disease Prevention Branch (HPCDP) Public Health Agency of Canada","10.24095","145","61","206"
"Versus Verlag AG","10.24096","3","1","4"
"Faculty of Veterinary Medicine, University of Zagreb","10.24099","3","4","7"
"Magyar Kemiai Folyoirat","10.24100","0","0","0"
"Visuomenine organizacija LOGOS","10.24101","0","0","0"
"Science Target, Inc.","10.24102","128","60","188"
"Global China Institute","10.24103","1","0","1"
"Asian Academic Press Co., Limited","10.24104","1","0","1"
"Global Institute for Research and Education","10.24105","1","0","1"
"Kastamonu Egitim Dergisi","10.24106","1","0","1"
"International Journal of Engineering and Applied Sciences","10.24107","22","9","31"
"NPG Publishing (ID 10196)","10.24108","1","0","1"
"Instituto Nacional de Estudos e Pesquisas Educacionais Anisio Teixeira","10.24109","0","0","0"
"Pediatria, Ltd.","10.24110","4","0","4"
"International Network for Korean Language and Culture","10.15652","3","0","3"
"Media Watch","10.15655","8","0","8"
"The Korean Academy of Clinical Geriatrics","10.15656","10","2","12"
"Institucion Universitaria CESMAG","10.15658","0","0","0"
"Makale Sistemi/Geomes","10.15659","3","0","3"
"Asociatia Pentru Inginerie Integrata si Management Industrial","10.15660","32","6","38"
"Verlag Holzhausen GmbH","10.15661","31","-1","30"
"University of Waikato","10.15663","168","7","175"
"University of St. Andrews Library","10.15664","159","6","165"
"Universidad Autonoma del Caribe","10.15665","35","3","38"
"Applied Ecology and Environmental Research","10.15666","1828","625","2453"
"Laboreal, FPCE, Universidade do Porto","10.15667","4","0","4"
"Revista Artemis","10.15668","15","0","15"
"The Atomic Energy Society of Japan","10.15669","628","543","1171"
"Han-Character and Classical Written Language Education","10.15670","1","0","1"
"Hacettepe Journal of Biology and Chemistry","10.15671","16","4","20"
"Hacettepe Journal of Mathematics and Statistics","10.15672","88","9","97"
"Kharkov National Pedagogical University (ID 6188)","10.15561","30","2","32"
"DiscoverSys, Inc.","10.15562","44","24","68"
"Society of Allied Health Services","10.15563","1","1","2"
"Research Institute of Education Science, Jeju National University","10.15564","4","0","4"
"Society of Chung-Ang Language and Literature","10.15565","3","-1","2"
"Christian Journal for Global Health","10.15566","4","1","5"
"Croatian Dairy Union","10.15567","63","25","88"
"Real Academia de Medicina y Cirugia de Andalucia Oriental","10.15568","9","6","15"
"Geografares","10.7147","5","0","5"
"European Council for Modeling and Simulation","10.7148","801","26","827"
"Sociedad Espanola de Optica","10.7149","61","42","103"
"Studentska Sekcija za Neuroznanost","10.17486","4","2","6"
"RFC Editor","10.17487","47452","2278","49730"
"Sociedade Portuguesa de Vida Selvagem (SPVS)","10.2461","239","71","310"
"EPP Publications Ltd.","10.2462","480","433","913"
"Japanese Society for Magnetic Resonance in Medicine","10.2463","3919","2000","5919"
"Rocky Mountain Mathematics Consortium","10.1216","10017","9576","19593"
"The Poputation Association of Korea","10.31693","0","0","0"
"The Korean Society for the Philosophy of Sport Dance and Martial Arts","10.31694","0","0","0"
"Sretechjournal Publication","10.31695","0","0","0"
"Sociedad Paraguaya de Pediatria","10.31698","0","0","0"
"Applis Publishers","10.31700","0","0","0"
"Humanity Only - HO","10.31703","0","0","0"
"Egitim Programlari ve Ogretim Dernegi","10.31704","0","0","0"
"University of Moratuwa","10.31705","0","0","0"
"International Energy and Environmental Research Institute","10.31706","0","0","0"
"Institute of Biotechnology and Molecular Medicine","10.31708","0","0","0"
"Korean Association for Semiotic Studies","10.24825","0","0","0"
"Korean Society for the Security Convergence Management","10.24826","2","0","2"
"Systematic Theology Division Korea Evangelical Theological Society","10.24827","0","0","0"
"The Korea Society of Buddhist Art History","10.24828","0","0","0"
"Korean Buechner Society","10.24829","0","0","0"
"Korean Society for German Language and Literature","10.24830","0","0","0"
"Department of Agronomy and Horticulture","10.24831","29","-20","9"
"Badan Penelitian dan Pengembangan Kemdikbud","10.24832","7","-1","6"
"MGIMO University","10.24833","1","0","1"
"Malmo University Library","10.24834","0","0","0"
"Vidar, Ltd.","10.24835","0","0","0"
"Estudios Sociales","10.24836","0","0","0"
"Industrial and Organizational Psychology Association","10.24837","0","0","0"
"Indian Phytopathological Society","10.24838","1","0","1"
"Psi Chi, the International Honor Society in Psychology","10.24839","90","20","110"
"Radiology Case Reports, University of Washington","10.2484","316","171","487"
"Faculdade de Engenharia - Universidade do Porto","10.24840","1","0","1"
"Instituto de Investigaciones de la Amazonia Peruana - IIAP","10.24841","74","33","107"
"International Journal of Computation and Applied Science","10.24842","4","1","5"
"Universitas Udayana","10.24843","14","-3","11"
"Sociedad Mexicana de Investigacion y Divulgacion de la Educacion Matematica A. C.","10.24844","2","0","2"
"Department of Chemistry Sriwijaya University","10.24845","2","0","2"
"ICI Bucharest","10.24846","257","113","370"
"Khayrallah Center for Lebanese Diaspora Studies","10.24847","6","0","6"
"Mardjani Foundation for Support and Development of Research and Cultural Programs","10.24848","2","0","2"
"Portuguese Geotechnical Society","10.24849","0","0","0"
"Society for Hard Tissue Regenerative Biology","10.2485","713","223","936"
"Instituto Mexicano de Tecnologia del Agua","10.24850","5","1","6"
"Texas Association for Bilingual Education (TABE)","10.24851","0","0","0"
"A.Kh. Khalikov Archaeology Institute of the Academy of Sciences of Tatarstan","10.24852","2","0","2"
"Australasian Medical Publishing Co. Pty Ltd. (AMPCo)","10.5694","9645","2648","12293"
"The Korean Institute of Surface Engineering","10.5695","372","32","404"
"Blacksmith Institute (ID 3722)","10.5696","128","52","180"
"Institute of Oceanology, Polish Academy of Sciences","10.5697","929","771","1700"
"American Epilepsy Society","10.5698","920","595","1515"
"Modern Humanities Research Association","10.5699","188","3","191"
"Business Department, School of Economics, Business & Accounting USP","10.5700","297","12","309"
"The Korea Comparative Literature Association","10.21720","0","0","0"
"P2P & INOVACAO","10.21721","0","0","0"
"Revista Brasileira de Pesquisa em Saude","10.21722","0","0","0"
"Revista Ibero-Americana de Estudos em Educacao","10.21723","16","-13","3"
"REVER","10.21724","9","1","10"
"Fundacao Educacional da Regiao de Joinville - Univille","10.21726","12","1","13"
"Universidade Severino Sombra","10.21727","19","3","22"
"Logeion Filosofia da Informacao","10.21728","1","0","1"
"Korean Society of Disaster and Security","10.21729","1","0","1"
"Cornell Laboratory of Ornithology","10.2173","887","174","1061"
"The Society of Theology and Thought","10.21731","0","0","0"
"Korean Publishing Science Society","10.21732","0","0","0"
"Journal of International Scientific Researches","10.21733","0","0","0"
"Korean Academic Society of Accounting","10.21737","1","0","1"
"Institute of Anthropology","10.21738","0","0","0"
"Korean Academy of International Business Management","10.21739","74","6","80"
"Ter es Tarsadalom","10.17649","23","-10","13"
"Publishing House ABV Press","10.17650","62","3","65"
"Institute of Polish Language","10.17651","0","1","1"
"Sociedade Brasileira de Psicologia Organizacional e do Trabalho","10.17652","14","0","14"
"ScienceScript, LLC","10.17653","11","4","15"
"Pushpa Publishing House","10.17654","409","-3","406"
"Cerceau","10.17655","0","0","0"
"Journal of Zankoy Sulaimani - Part A","10.17656","21","21","42"
"Academy Publication","10.17507","185","17","202"
"Faculty of Food Technology Osijek","10.17508","25","14","39"
"Universitas Pendidikan Indonesia (UPI)","10.17509","114","6","120"
"Wacana Journal of the Humanities of Indonesia","10.17510","61","-30","31"
"Academy of Medical and Health Research","10.17511","0","0","0"
"Czestochowa University of Technology","10.17512","254","50","304"
"Euroasian Scientific and Industrial Chamber, Ltd.","10.17513","22","4","26"
"International Association of Near-Death Studies","10.17514","0","0","0"
"MIM Research Group","10.17515","30","-11","19"
"Siberian Federal University","10.17516","122","18","140"
"Kahramanmaras Sutcu Imam Universitesi Tip Fakultesi Dergisi","10.17517","0","0","0"
"Canakkale Arastirmalari Turk Yilligi","10.17518","2","0","2"
"The Apicultural Society of Korea","10.17519","16","8","24"
"Biodiversity Science","10.17520","166","73","239"
"Japanese Society for Dental Health","10.5834","298","105","403"
"Journal of Experimental and Clinical Medicine","10.5835","74","7","81"
"Institute of Agricultural Management","10.5836","38","21","59"
"Medinews (Cardiology), Ltd.","10.5837","64","16","80"
"Educational Research e-Journal (EREJ)","10.5838","14","5","19"
"Revista Chilena de Neuropsicologia","10.5839","7","2","9"
"Japan Society of Human Growth and Development","10.5332","21","5","26"
"The Korean Society of Grassland and Forage Science","10.5333","1177","-55","1122"
"The Polarographic Society of Japan","10.5189","423","767","1190"
"The Tohoku Geographical Association","10.5190","236","83","319"
"Journal of International Agricultural and Extension Education","10.5191","287","18","305"
"Northwestern University Press","10.5192","40","0","40"
"Scrivener Publishing (ID 4384)","10.7569","564","375","939"
"Korean Society for the Study of Obesity (ID 4370)","10.7570","364","12","376"
"American Helicopter Society","10.4050","8575","3481","12056"
"Korean Society for Bioinformatics and Systems Biology","10.4051","56","18","74"
"Nanzan University","10.18874","246","11","257"
"Scholarena, LLC","10.18875","7","2","9"
"Society for Information Display","10.1889","19463","14072","33535"
"Psychological Association of the Philippines","10.31710","0","0","0"
"Utah Geological Association","10.31711","1","4","5"
"Frontier Research Today S A (ID 16873)","10.31716","0","0","0"
"Institute for Safety Problems of Nuclear Power Plants","10.31717","0","0","0"
"A Journal of Academic Writing Assignments","10.31719","0","0","0"
"McFarland and Company, Inc., Publishers","10.3172","321","37","358"
"Institute for Global and Area Studies","10.31720","0","0","0"
"Kryvyi Rih National University","10.31721","0","0","0"
"Odessa National A.V. Nezhdanova Academy of Music","10.31723","0","0","0"
"Korean Society of Neurosonology (ID 16916)","10.31728","1","0","1"
"Japanese Society of Agricultural Informatics","10.3173","330","69","399"
"KROK University","10.31732","0","0","0"
"The Dnipropetrovsk State University of Internal Affairs","10.31733","0","0","0"
"The Chin-Tan Society","10.31735","0","0","0"
"The Indian Society of Toxicology","10.31736","0","0","0"
"Journal of New Economic Association","10.31737","0","0","0"
"GGZ.NL","10.31739","0","0","0"
"The Criticism and Theory Society of Korea","10.19116","0","0","0"
"The Korean Society for the Study of Educational Principles","10.19118","0","0","0"
"Cineforum","10.19119","0","0","0"
"The Pukyung Institute for Korean History","10.19120","0","0","0"
"Wildlife Conservation Society","10.19121","4","0","4"
"GEDIIB","10.19122","0","0","0"
"Coordenacao de Publicacoes da Editora do Instituto Federal de Brasilia","10.19123","4","0","4"
"Institute of Mathematics and Its Applications","10.19124","2","0","2"
"Association for Research of MPS and Rare Diseases","10.19125","0","0","0"
"Sakarya University Journal of Education","10.19126","23","0","23"
"Middle Black Sea Journal of Health Science","10.19127","6","1","7"
"Turkish Journal of Education","10.19128","10","-1","9"
"Gaziosmanpasa Universitesi Sosyal Bilimler Arastirmalari Dergisi","10.19129","6","-1","5"
"Instituto de Investigaciones Filologicas","10.19130","11","3","14"
"Portuguese Journal of Mental Health Nursing","10.19131","7","3","10"
"Faculdade de Biblioteconomia Comunicacao","10.19132","7","-1","6"
"Eutomia - Revista de Literatura e Linguistica","10.19134","0","0","0"
"CONSINTER","10.19135","0","0","0"
"Universidad Juarez Autonoma de Tabasco","10.19136","6","3","9"
"Universidad Nacional de La Pampa","10.19137","14","6","20"
"Academic Journal, Al-Azhar University","10.19138","0","0","0"
"International Academic Press","10.19139","53","9","62"
"Instituto Adventista de Ensino","10.19141","0","0","0"
"Revistas Processos Quimicos","10.19142","1","0","1"
"Pontifica Universidade Catolica de Sao Paulo","10.19143","0","0","0"
"Andrew John Publishing, Inc.","10.19144","9","2","11"
"Gumushane University E-Journal of Faculty of Communication","10.19145","1","1","2"
"PIBIC Unicamp","10.19146","1","3","4"
"International Journal of Human and Behavioral Science","10.19148","4","0","4"
"Water Resources and Irrigation Management","10.19149","0","0","0"
"Society for Mining, Metallurgy and Exploration Inc.","10.19150","25","7","32"
"Illinois Law Enforcement Training and Standards Board Executive Institute","10.19151","1","0","1"
"Poltava State Agrarian Academy","10.31210","0","0","0"
"Instituto Superior Miguel Torga","10.31211","0","0","0"
"Institut Za Noviju Istoriju Srbije","10.31212","0","0","0"
"Konversi","10.31213","0","0","0"
"IJTHFAG Journal","10.31214","0","0","0"
"Ukrainian Pulmonology Journal","10.31215","0","0","0"
"Institute of Brain-Based Education, Korea National University of Education","10.31216","0","0","0"
"The Historical Society Of Korea","10.31218","0","0","0"
"American Board of Family Medicine (ABFM)","10.3122","14020","6500","20520"
"Surface Analysis Society of Japan","10.1384","132","88","220"
"Route Educational and Social Science Journal","10.17121","1","1","2"
"Ufa State Petroleum Technological University (ID 6654)","10.17122","16","2","18"
"Anatolia: Turizm Arastirmalari Dergisi","10.17123","0","1","1"
"Istanbul Universitesi Siyasal Bilgiler Fakultesi Dergisi","10.17124","0","0","0"
"Florida State University College of Medicine","10.17125","8","1","9"
"Facultad de Odontologia, Universidad de Concepcion","10.17126","136","30","166"
"CEGOT - Center of Studies on Geography and Spatial Planning","10.17127","6","3","9"
"ESRI Press (Environmental Systems Research Institute)","10.17128","4","0","4"
"Botanical Sciences, Sociedad Botanica de Mexico, AC","10.17129","301","69","370"
"International Journal of Management Economics and Business","10.17130","6","1","7"
"Milel ve Nihal","10.17131","0","0","0"
"Yale University Library","10.17132","4","0","4"
"Journal of Turkology Research","10.17133","0","0","0"
"The Journal of Defense Sciences","10.17134","0","0","0"
"The Korean Society of Dental Hygience Science (ID 6754)","10.17135","317","0","317"
"Korea Organic Resource Recycling Association","10.17137","18","-1","17"
"Centro Internacional de Agricultura Tropical","10.17138","203","23","226"
"Asociacion de Antropologia Biologica de Argentina","10.17139","11","3","14"
"Openventio Publishers","10.17140","225","90","315"
"Facultad Latinoamericana de Ciencias Sociales, Ecuador (FLACSO)","10.17141","130","5","135"
"Insan Akademika Publications","10.17142","60","-18","42"
"ABED - Associacao Brasileira de Educacao a Distancia","10.17143","1","0","1"
"Betasciencepress Publishing","10.17145","33","17","50"
"National Atomic Energy Agency of Indonesia (BATAN)","10.17146","90","37","127"
"Alfons W. Gentner Verlag","10.17147","5","3","8"
"Tejass Publisheers","10.17148","356","69","425"
"Research Institute of Social Science","10.15820","59","3","62"
"Law Research Institute, University of Seoul","10.15821","21","1","22"
"The Society for Korean Language and Literary Research","10.15822","35","7","42"
"Lithuanian University of Educational Sciences (ID 6503)","10.15823","35","-2","33"
"Acta Medica Anatolia","10.15824","10","3","13"
"V.I. Shimakov Federal Research Center of Transplantology and Artificial Organs (ID 6518)","10.15825","12","-1","11"
"Ural Federal University","10.15826","76","-3","73"
"Research Institute Centerprogamsystem, JSC","10.15827","7","3","10"
"CNT Nanostroitelstvo","10.15828","14","2","16"
"Silicea - Poligraf, LLC","10.15829","143","-6","137"
"International Society of Endovascular Specialists","10.1583","16252","17767","34019"
"Korean Marketing Association","10.15830","6","0","6"
"Korean Society for the Study of Physical Education","10.15831","16","-1","15"
"Ankara University Faculty of Agriculture","10.15832","12","8","20"
"Korean Association for Educational Information and Media","10.15833","5","0","5"
"Canadian Institute of Mining, Metallurgy, and Petroleum","10.15834","13","9","22"
"Universidad Autonoma Chapingo","10.5154","392","68","460"
"European Journal of Chemistry","10.5155","1331","651","1982"
"IBIMA Publishing","10.5171","730","135","865"
"Open Access Pub","10.14302","83","20","103"
"International Research Journals","10.14303","41","-3","38"
"Postdoc Journal","10.14304","39","12","51"
"Syracuse University Libraries","10.14305","1","0","1"
"Fundacion Espanola de Dietistas-Nutricionistas (FEDN)","10.14306","23","17","40"
"American Association of Family and Consumer Sciences","10.14307","124","15","139"
"Information Technologies in Education","10.14308","0","1","1"
"Hellenic Endocrine Society","10.14310","3152","1126","4278"
"Czech Technical University in Prague - Central Library","10.14311","697","200","897"
"Noble Research Publishers","10.14312","86","28","114"
"PIAP - Industrial Research Institute for Automation and Measurements","10.14313","114","10","124"
"Industrial Chemistry Research Institute","10.14314","539","368","907"
"Nozomi Science","10.3407","13","8","21"
"Japanese Association of Forensic Science and Technology","10.3408","210","267","477"
"Institute of Systematics and Evolution of Animals, Polish Academy of Sciences","10.3409","1080","513","1593"
"UC Merced School of Natural Sciences","10.21425,10.21426","174","178","352"
"PubPub","10.21428","1","0","1"
"Children, Youth and Environments Center","10.7721","277","48","325"
"The Antioch Review","10.7723","4","0","4"
"Nucleo de Pesquisa em Ecologia e Biodiversidade","10.7724","2","0","2"
"Columbia International Publishing","10.7726","76","19","95"
"West Indian Medical Journal","10.7727","252","78","330"
"Global Journal of Community Psychology Practice","10.7728","65","-14","51"
"North Atlantic Region Association for Counselor Education and Supervision","10.7729","48","1","49"
"The Society of Sasang Constitutional Medicine","10.7730","285","27","312"
"Korea Institute of Fire Science and Engineering","10.7731","202","15","217"
"The Plant Resources Society of Korea","10.7732","819","30","849"
"The Korean Radioactive Waste Society","10.7733","109","39","148"
"The Computational Structural Engineering Institute","10.7734","167","12","179"
"The Korean Society of Manufacturing Technology Engineers","10.7735","276","4","280"
"Korean Society of Precision Engineering","10.7736","558","8","566"
"The Korean Operations and Management Science Society","10.7737","164","11","175"
"Korean Association of Architectural History","10.7738","20","0","20"
"Korean Association of Fundamentals of Nursing","10.7739","489","15","504"
"The Korean Society of Crop Science","10.7740","422","22","444"
"The Costume Culture Association","10.7741","328","-3","325"
"The Korean Society of Radiology (KISTI)","10.7742","264","5","269"
"Korean Institute of Educational Environment","10.7743","45","-37","8"
"The Radio and Electronics Association of Vietnam (REV)","10.21553","45","-16","29"
"Institute for Human Rehabilitation","10.21554","0","0","0"
"Topicos, Revista de Filosofia","10.21555","9","0","9"
"Edutec","10.21556","3","0","3"
"East View Information Services, Inc.","10.21557","8","2","10"
"Fullstopp GmbH","10.21558","0","0","0"
"The Association of English Language and Literature in Korea","10.21559","30","11","41"
"Sosyal Politika Calismalari Dergisi","10.21560","2","0","2"
"The Korean Retina Society (ID 9015)","10.21561","0","0","0"
"Korean Sociological Association","10.21562","44","1","45"
"Selcuk University Journal of Studies in Turcology","10.21563","2","0","2"
"Yaroslav Mudryi National Law University","10.21564","0","0","0"
"Ankara Universitesi Egitim Bilimleri Fakultesi Ozel Egitim Dergisi","10.21565","0","0","0"
"Journal of Field Crops Central Research Institute","10.21566","0","0","0"
"School of Management Sciences, Lucknow","10.21567","1","0","1"
"The Choson Dynasty History Association","10.21568","0","0","0"
"ANO NCR","10.21569","7","1","8"
"International Association for Vegetation Science (IAVS)","10.21570","0","0","0"
"International Center for Promotion of Enterprises","10.21571","1","0","1"
"Signum Revista da ABREM","10.21572","3","1","4"
"Revista Brasileira de Politica e Administracao da Educacao - RBPAE","10.21573","2","0","2"
"Remipe - Revista da Micro e Pequenas Empresas e Empreendedorismo","10.21574","0","0","0"
"Revista Mundi","10.21575","0","0","0"
"Pensar Academico","10.21576","2","0","2"
"Sociedade Brasileira de Quimica (SBQ)","10.21577","81","34","115"
"IBGE","10.21579","4","2","6"
"UIN Walisongo Semarang","10.21580","10","6","16"
"Institute of Tourism Research, Hanyang University","10.21581","3","0","3"
"Research Institute for Humanities","10.21582","0","0","0"
"Revista Brasileria de Estudos Organizacionais - RBEO","10.21583","1","0","1"
"ICT in Practice","10.21585","1","-1","0"
"London Centre for Social Studies","10.21586","14","2","16"
"Research Institute of the Humanities","10.31310","0","0","0"
"Universitas BSI","10.31311","0","0","0"
"Conflictology Development Fund","10.31312","0","0","0"
"The Society of Korean Literary Criticism","10.31313","0","0","0"
"Universitas Muhammadiyah Gorontalo","10.31314","0","0","0"
"Universitas Pembangunan Nasional Veteran Yogyakarta (ID 16285)","10.31315","0","0","0"
"Dniprovsk State Technical University","10.31319","0","0","0"
"Sherborne Gibbs Ltd.","10.3132","3725","2004","5729"
"Korean Society of Computed Tomographic Technology","10.31320","0","0","0"
"Humanities Research Institute Incheon National University","10.31323","0","0","0"
"Korean Association Of Regional Studies","10.31324","0","0","0"
"Rhetoric Society of Korea","10.31325","0","0","0"
"USN Scientific Journal, Universitas Sembilanbelas November Kolaka","10.31327","0","0","0"
"Badan Penerbitan Universitas Widyagama Malang","10.31328","0","0","0"
"Society For Ming-Qing Historical Studies","10.31329","0","0","0"
"Faculty of Entrepreneurship and Business, Universiti Malaysia Kelantan","10.17687","7","3","10"
"Catholic Theological Union","10.17688","1","0","1"
"Penza Psychological Newsletter","10.17689","0","0","0"
"The Finnish Society of Photogrammetry and Remote Sensing","10.17690","6","0","6"
"Journal Sovremennye Tehnologii v Medicine","10.17691","75","6","81"
"Laboratorio de Anatomia Comparada dos Vertebrados","10.17692","0","0","0"
"Yunus Arastirma Bulteni","10.17693","1","0","1"
"Balkan Journal of Electrical & Computer Engineering (BAJECE)","10.17694","15","1","16"
"Faculdade de Enfermagem Nova Esperanca","10.17695","0","0","0"
"Faculdade de Medicina de Sao Jose do Rio Preto - FAMERP","10.17696","28","-8","20"
"Institute of Business Management and Rural Development","10.17697","6","0","6"
"Nucleo para o Desenvolvimento de Tecnologia e Ambientes Educacionais (NPT)","10.17699","0","0","0"
"Journal of Agricultural Informatics","10.17700","32","7","39"
"The Society of Adhesion and Interface, Korea","10.17702","56","1","57"
"The International Promotion Agency of Culture Technology","10.17703","28","10","38"
"History of the Earth Sciences Society","10.17704","528","201","729"
"Association for Information Systems","10.17705","1596","308","1904"
"International Academy Publishing (IAP)","10.17706","327","37","364"
"Journal Agriculture and Forestry","10.17707","15","-2","13"
"The Slovenian Academy of Management","10.17708","110","-96","14"
"QUASAR, LLC (ID 7136)","10.17709","13","0","13"
"EDICE Programme","10.17710","1","0","1"
"Instituto Nacional de Psiquiatria Ramon de la Fuente Muniz","10.17711","226","2","228"
"Neurosciences","10.17712","147","66","213"
"Austrian Statistical Society","10.17713","190","16","206"
"Gumushane University Journal of Science and Technology Institute","10.17714","0","0","0"
"The Korean Society for the Study of Moral Education","10.17715","8","2","10"
"Botanikai Kozlemenyek","10.17716","2","0","2"
"Iskolakultura-konyvek","10.17717","0","0","0"
"Turkish Online Journal of Distance Education","10.17718","95","4","99"
"Japanese Society of Fisheries Science","10.2331","40828","34684","75512"
"The Institute of Humanities Research In Konkuk University","10.21185","3","0","3"
"Industrial Promotion Institute","10.21186","1","0","1"
"Korea Music Therapy Education Association","10.21187","2","1","3"
"Korean Commercial Law Association","10.21188","0","0","0"
"Journal of the Korean Urban Geographical Society","10.21189","1","0","1"
"The Feinstein Institute for Medical Research (North Shore LIJ Research Institute)","10.2119","12130","5627","17757"
"Korean Strategic Marketing Association","10.21191","1","2","3"
"The Society for Chinese Language and Literature","10.21192","22","8","30"
"Korean Social and Personality Psychological Association","10.21193","25","-18","7"
"Design Institute, Inje University","10.21195","52","0","52"
"Asia-Pacific Research Center","10.21196","87","-1","86"
"The Society for Cognitive Enhancement and Intervention","10.21197","0","0","0"
"Western Field Ornithologists","10.21199","7","0","7"
"Oxfam GB","10.21201","27","1","28"
"Tatar Educational Centre Taglimat, Ltd.","10.21202","4","0","4"
"Revista Latino-americana de Jornalismo - ANCORA","10.21204","0","0","0"
"Deu Muhendislik Fakultesi Fen ve Muhendislik","10.21205","2","1","3"
"Revista Brasileira de Agropecuaria Sustentavel","10.21206","4","0","4"
"Faculdade de Direita de Franca","10.21207","0","0","0"
"Institute of Korean Literature and Arts","10.21208","1","0","1"
"Transbaikal State University","10.21209","2","0","2"
"The Institute of the Humanities","10.21211","0","0","0"
"The International Association of Area Studies (IAAS)","10.21212","0","0","0"
"The Korean Society for Child Education and Care","10.21213","5","-3","2"
"Korean Journal of Early Childhood Special Education","10.21214","6","0","6"
"Korea Photovoltaic Society","10.21218","1","0","1"
"The Korea Database Society","10.21219","0","0","0"
"Japan Society of Sports Industry","10.5997","50","12","62"
"Japan Comparative Education Society","10.5998","1","0","1"
"Korean Society of Plastic and Reconstructive Surgeons","10.5999","2582","764","3346"
"Lifescience Global","10.6000","966","186","1152"
"Lithuanian Academy of Sciences","10.6001,10.3952","1057","622","1679"
"Baskent University","10.6002","793","241","1034"
"Society of Academy of Dermatology in Turkey","10.6003","7","3","10"
"Harborside Press, LLC","10.6004","11974","10671","22645"
"Open Medscience Limited","10.17229","22","4","26"
"Universidad EAFIT","10.17230","84","17","101"
"Centro de Estudos de Comunicacao e Sociedade, Universidade Minho","10.17231","73","9","82"
"Korean Society for Educational Technology","10.17232","229","108","337"
"Sosyoekonomi","10.17233","6","0","6"
"Faculty of Humanities and Social Sciences, University of Zagreb","10.17234","10","1","11"
"Sociedad Espanola de Patologia Digestiva (SEPD)","10.17235","289","63","352"
"Gesellschaft Schweizer Tierarztinnen und Tierarzte","10.17236","73","31","104"
"Kniga Service Agency Ltd.","10.17238","35","3","38"
"ARLE (International Associaton for Research in L1 Education)","10.17239","619","98","717"
"Abant Izzet Baysal Universitesi Egitim Fakultesi Dergisi","10.17240","5","-1","4"
"Baywood Publishing Company, Inc.","10.2190","105402","34564","139966"
"Shima Publishing","10.21463","7","0","7"
"Croatian Philosophical Society (Hrvatsko filozofsko drustvo)","10.21464","0","0","0"
"Naklada Slap","10.21465","6","0","6"
"Association of Anaethetists of Great Britain and Ireland","10.21466","0","0","0"
"AIJR Publisher","10.21467","16","7","23"
"Stichting SciPost (ID 8907)","10.21468","486","15","501"
"Computing Centre of the Russian Academy of Sciences","10.21469","9","3","12"
"The Korean Society of Neurogastroenterology and Motility (ID 2998)","10.5056","4550","903","5453"
"Japan Society of Kansei Engineering","10.5057","704","34","738"
"Public Health Research Foundation","10.5058","11","3","14"
"Genetics Society of Japan","10.1266","11868","10076","21944"
"IKIP Siliwangi Bandung","10.22460","11","0","11"
"The Institute of Clinical Bioethics at Saint Joseph's University","10.22461","0","0","0"
"Undersea and Hyperbaric Medical Society (UHMS)","10.22462","9","5","14"
"Universidad Francisco de Paula Santander","10.22463","5","1","6"
"Diyalektolog - Ulusal Hakemlin Sosyal Arastirmalar Dergisi","10.22464","0","0","0"
"Korean Urological Oncology Society","10.22465","3","1","4"
"Artvin Coruh Universitesi Uluslararasi Sosyal Bilimler Dergisi","10.22466","0","0","0"
"Korean Wound Management Society","10.22467","3","0","3"
"Asian Society of Cardiovascular Imaging","10.22468","7","1","8"
"Korean Society of Laryngology, Phoniatrics and Logopedics","10.22469","2","0","2"
"Korean Society of Pediatric Emergency Medicine","10.22470","11","1","12"
"J-Institute","10.22471","0","1","1"
"Korean Association of Thai Studies","10.22473","1","0","1"
"REBECA - Revista Brasileira de Estudos de Cinema e Audiovisual","10.22475","4","-2","2"
"Revista Critica","10.22476","6","-1","5"
"Revista Juventude e Politicas Publicas","10.22477","0","0","0"
"Portal de Periodicos UFPB","10.22478","1","0","1"
"Textura","10.22479","0","0","0"
"Revista da Unifa","10.22480","0","0","0"
"Universidade Estadual do Sudoeste da Bahia/Edicoes UESB","10.22481","0","0","0"
"Programa de Pos- Graduacao em Educacao – PPGE","10.22483","0","0","0"
"Pos-Graduacao em Comunicacao e Cultura – PPGCC","10.22484","0","0","0"
"The Association of Engineers, India","10.22485","5","0","5"
"The Indian Institute of Welding","10.22486","4","1","5"
"Universitas Tadulako","10.22487","1","2","3"
"Oklahoma State University Library","10.22488","5","6","11"
"Computing in Cardiology","10.22489","107","6","113"
"Universidad Nacional Abierta y a Distancia","10.22490","42","27","69"
"Tikinet Edicao Ltda. - EPP","10.22491","0","0","0"
"The International Academic Forum (IAFOR)","10.22492","53","3","56"
"University of Southampton","10.22493","0","0","0"
"Institute of Cell Therapy","10.22494","25","-1","24"
"Korean Home Economics Education Association","10.19031","21","1","22"
"Koreanisch-Deutsche Gesellschaft fuer Sozlaiwssenschaften","10.19032","2","0","2"
"The Society of Korean Semantics","10.19033","1","0","1"
"Korean Association of Youth Welfare","10.19034","5","2","7"
"The Institute for Northeast Asian Law Chonbuk National University","10.19035","1","0","1"
"Academy for 21st Century Christian Society and Culture","10.19036","2","0","2"
"Association of Global Studies Education","10.19037","1","0","1"
"Space Applications Centre","10.19038","0","0","0"
"Studies of the Ottoman Domain","10.19039","0","0","0"
"Ecocycles","10.19040","15","11","26"
"The Korean Society for Thinking and Communication","10.19042","14","0","14"
"Foundation of Nursing Studies","10.19043","18","6","24"
"European Scientific Institute, ESI","10.19044","68","4","72"
"Bolan Society for Pure and Applied Biology (BSPAB)","10.19045","81","30","111"
"International Scientific Publishers - Advances in Biomedicine and Pharmacy","10.19046","7","4","11"
"V.V. Dokuchaev Soil Science Institute","10.19047","1","0","1"
"Association of Forensic Medical Experts","10.19048","0","0","0"
"Daegu University Research Institute of the Korea Special Education","10.19049","2","0","2"
"Korean Association of Sports and Entertainment Law","10.19051","36","1","37"
"Universidad de la Salle","10.19052","39","10","49"
"Pisa University Press","10.12871","7","4","11"
"Carleton College Library","10.18277","0","0","0"
"Policy Studies Organization","10.18278","99","8","107"
"International Information and Engineering Technology Association","10.18280","227","215","442"
"Research Publisher Inc.","10.18281","1","0","1"
"PiscoMed Publishing Pte Ltd","10.18282","27","10","37"
"European Association of Scientific Research","10.18283","0","0","0"
"Research Institute for Social Science Keimyung University","10.18284","41","9","50"
"GEONOMOS","10.18285","157","108","265"
"HPE Ulyanovsk SAA Stolypin","10.18286","1","0","1"
"Samara State National Research University","10.18287","467","286","753"
"Economic Policy","10.18288","3","0","3"
"One Earth Future Foundation","10.18289","6","1","7"
"Towarzystwo Naukowe KUL","10.18290","7","1","8"
"KSI Research Inc.","10.18293","267","-5","262"
"Universidad Nacional de Lanus","10.18294","339","40","379"
"Sultan Qaboos University Medical Journal","10.18295","157","67","224"
"NZCER Press, New Zealand Council for Educational Research","10.18296","40","-3","37"
"Korea Insurance Research Institute","10.23842","4","0","4"
"Korea Appraisal Society","10.23843","1","0","1"
"Korea Counseling Psychological Association","10.23844","16","2","18"
"Kalagatos","10.23845","0","0","0"
"International Initiative for Impact Evaluation (3ie)","10.23846","66","3","69"
"British Journal of Clinical Audit","10.23848","0","0","0"
"North Pacific Anadromous Fish Commission","10.23849","25","0","25"
"Servicio Nacional de Aprendizaje SENA - SENNOVA","10.23850","12","6","18"
"Al-Mustansiriyah Journal of Science","10.23851","0","0","0"
"Library of the Czech Academy of Sciences","10.23852","0","0","0"
"Sociedad Espanola de Hidrologia Medica","10.23853","5","1","6"
"Universidad Bernardo O'Higgins","10.23854","0","0","0"
"Czech Botanical Society","10.23855","29","-1","28"
"Polonia University in Czestochowa","10.23856","0","0","0"
"Polo de Capacitacion, Investigacion y Publicacion (POCAIP)","10.23857","1","0","1"
"Institute of Archaeology and Ethnology, Polish Academy of Sciences","10.23858","3","0","3"
"Cherepovets State University","10.23859","0","0","0"
"University of Rhode Island","10.23860","26","-3","23"
"Albert Einstein College of Medicine","10.23861","67","26","93"
"KIIT School of Management, KIIT University","10.23862","3","0","3"
"Kalem Uluslararasi Egitim ve Insan Bilimleri Dergisi","10.23863","7","3","10"
"Revista Com a Palavra o Professor","10.23864","0","0","0"
"Cappelen Damm AS - Cappelen Damm Akademisk (ID 9951)","10.23865","8","0","8"
"Fundacio Barcelona Respiratory Network","10.23866","1","0","1"
"The University of Texas at Austin, Bureau of Economic Geology","10.23867","296","49","345"
"PJSC Human Stem Cells Institute","10.23868","0","0","0"
"Journal of Biological Researches","10.23869","11","0","11"
"Middle Atlantic Review of Latin American Studies","10.23870","2","1","3"
"Revista Dimensoes","10.23871","0","0","0"
"A.J. Institute of Management","10.23872","0","0","0"
"IPO Association of Transplantologists (ID 9954)","10.23873","0","0","0"
"Acharya Bangalore B School","10.23874","0","0","0"
"Korea Communication Association","10.23875","0","0","0"
"The Korean Society of Nephrology (ID 9960)","10.23876","58","13","71"
"Triacon","10.23877","13","0","13"
"Universidad Catolica de Santiago de Guayaquil","10.23878","1","0","1"
"Medwin Publishers","10.23880","0","1","1"
"Universidad Privada Boliviana","10.23881","2","1","3"
"NMd - Nucleo Multidisciplinar","10.23882","0","0","0"
"International Journal of Recent Trends in Engineering and Research","10.23883","17","4","21"
"INESEG YAYINCILIK ARGE DANISMANLIK MUHENDISLIK SAN. VE TIC. LTD. STI.","10.23884","1","2","3"
"Southern Scientific Center of the Russian Academy of Sciences","10.23885","14","31","45"
"Faculty of Medicine Universitas Indonesia","10.23886","1","0","1"
"Universitas Pendidikan Ganesha","10.23887","5","0","5"
"Ryazan State Medical University","10.23888","2","-1","1"
"The Kuwait Society for the Advancement of Arab Children","10.29343","0","0","0"
"Universidad Catolica Silva Henriquez","10.29344","0","0","0"
"Future Visions Journal","10.29345","0","0","0"
"International Journal of Exlibris","10.29347","0","0","0"
"The Association of Korean Cultural and Historical Geographers","10.29349","0","0","0"
"Al-Qadisiyah Journal of Pure Science","10.29350","0","0","0"
"Sociedad Mexicana de Historia de la Educacion AC","10.29351","3","-1","2"
"Instituto Politecnico de Viseu","10.29352","1","0","1"
"Fondazione Museo Delle Antichita Egizie","10.29353","0","0","0"
"Polskie Towarzystwo Diagnostyki Technicznej","10.29354","1","0","1"
"Igdir Universitesi Ilahiyat Fakultesi","10.29355","0","0","0"
"Sociedad Quimica de Mexico, A.C.","10.29356","9","11","20"
"Euro-Asian Accrediting Association","10.29357","0","0","0"
"Faculty of Economic Sciences, Vasile Alecsandri University of Bacau","10.29358","2","0","2"
"Gdansk University of Physical Education and Sport","10.29359","0","0","0"
"Majalah BIAM","10.29360","0","0","0"
"Institut za Savremenu Istoriju (ID 11916)","10.29362","1","0","1"
"Fundacio Scito","10.29363","0","2","2"
"Czech Moravian Psychological Society","10.29364","0","0","0"
"Journal of Psychology and Behavioral Sciences of the UACJS","10.29365","0","0","0"
"Revista SODEBRAS","10.29367","0","0","0"
"Fortune Institute of International Business","10.29368","0","0","0"
"Vishwashanti Multipurpose Society India","10.29369","0","0","0"
"Research Gateway Society","10.29370","0","0","0"
"TAMAP","10.29371","0","0","0"
"Revista Agronomia Brasileira","10.29372","0","0","0"
"Revista Sem Aspas","10.29373","0","0","0"
"Revista Brasileira de Medicina Veterinaria","10.29374","0","0","0"
"Universidad Autonoma de Bucaramanga","10.29375","0","0","0"
"Revista Brasileira de Estudos em Seguranca Publica","10.29377","0","0","0"
"Plurais - Revista Disciplinar","10.29378","0","0","0"
"JEDEM Journal of e-Democracy and Open Government","10.29379","18","-1","17"
"Anais Educon UFS","10.29380","0","0","0"
"Revista da Sociedade de Cardiologia do Estado de Sao Paulo","10.29381","0","0","0"
"Earthquake Science (ID 11926)","10.29382","2","0","2"
"Revista Brasileira de Fisica Medica","10.29384","0","0","0"
"Apeejay Journal of Management  Technical Campus","10.29385","0","0","0"
"Chandannagar Medical Research Association (CMRA)","10.29387","2","1","3"
"Navegando Publicacoes","10.29388","0","0","0"
"INDTEC, C.A.","10.29394","0","0","0"
"Neadi TIS - Nucleo de Educacao a Distancia e Tecnologia da Informacao em Saude","10.29395","0","0","0"
"CPRM","10.29396","0","0","0"
"Instituto de Comunicacao e Informacao Cientifica e Tecnologica em Saude","10.29397","0","0","0"
"Korean Association on Social Quality","10.29398","0","0","0"
"Turk Noropsikiyatri Dernegi","10.29399","0","0","0"
"The Society of Korean Language Education","10.29401","0","0","0"
"Ewha Research Institute of Nursing Science (ERINS)","10.29402","0","0","0"
"Korean Society for Language and Information","10.29403","3","1","4"
"Revista Trabalho, Politica e Sociedade","10.29404","0","0","0"
"Uhamka Press","10.29405","0","0","0"
"Universitas Muhammadiyah Pontianak","10.29406","0","0","0"
"Universitas Nusantara PGRI Kediri (ID 11941)","10.29407","0","0","0"
"Universitas Hamzanwadi (ID 11939)","10.29408","1","0","1"
"Qartuppi","10.29410","0","0","0"
"FSPSI SCFHHRP (ID 11965)","10.29413","0","0","0"
"Fundacao Educacional Aracatuba","10.6005","0","0","0"
"Perspectivas Medicas da Faculdade de Medicine de Jundiai","10.6006","3","1","4"
"Human Resources Management Academic Research Society (HRMARS)","10.6007","347","34","381"
"Escola Superior de Sustentabilidade","10.6008","40","10","50"
"Indonesian Agency For Agricultural Research and Development (IAARD)","10.21082","314","29","343"
"University of Guelph","10.21083","303","10","313"
"The Association of Modern British and American Language and Literature","10.21084","2","1","3"
"The Journal of Europe-Middle East Social Sciences Studies","10.21085","0","0","0"
"The Korean Society of Living Environmental System","10.21086","62","7","69"
"The New Association of English Language and Literature","10.21087","0","0","0"
"Red Flower Publication Private, Ltd.","10.21088","18","8","26"
"NIBD Journal of Health Sciences","10.21089","0","1","1"
"Revista Neuropsicologia Latinoamericana","10.5579","9","2","11"
"Internet Scientific Publishers, LLC","10.5580","283","13","296"
"STMIK AKAKOM Yogyakarta","10.26798","1","0","1"
"Setcor Media FZ, LLC","10.26799","0","0","0"
"Neumann Janos Szamitogep-tudomanyi Tarsasag","10.26801","0","0","0"
"Sycamore Global Publications","10.26802","1","4","5"
"Society for Research and Knowledge Management","10.26803","1","0","1"
"Ausasia Science and Technology Press Pty, Ltd.","10.26804","61","53","114"
"Asosiasi Peneliti Manajemen Adat Indonesia","10.26805","0","0","0"
"Philosophical Faculty of University of Hradec Kralove","10.26806","0","0","0"
"Pontifica Universidad Catolica del Ecuador","10.26807","2","1","3"
"RS Publication","10.26808","0","0","0"
"Journal of Awareness","10.26809","0","0","0"
"Perio J (ID 11353)","10.26810","0","0","0"
"SCAD Independent","10.26811","0","0","0"
"Brandeis University","10.26812","13","2","15"
"Sonoma State University","10.26813","0","0","0"
"Communications in Plant Sciences","10.26814","1","0","1"
"The Korean Child Neurology Society","10.26815","1","2","3"
"Academy of Asian Business (AAB)","10.26816","9","-2","7"
"Institucion Universitaria Colombo Americana - UNICA","10.26817","3","-1","2"
"Saberes de Conocimiento","10.26820","0","0","0"
"IJournals Publications","10.26821","0","0","0"
"lnternational Electronic Journal of Elementary Education","10.26822","2","0","2"
"Revista NUFEN: Phenomenology and Interdisciplinarity","10.26823","0","0","0"
"Latin American Literary Review","10.26824","0","0","0"
"University of Pitesti","10.26825","0","0","0"
"La Trobe University","10.26826","0","0","0"
"Research Society on Marijuana","10.26828","0","0","0"
"Ghanshyam Binani Academy of Management Sciences","10.26829","0","0","0"
"Research Excellence Institute","10.26831","0","0","0"
"Agriculture and Environmental Science Academy","10.26832","1","0","1"
"International Journal of Engineering and Geoscience","10.26833","2","0","2"
"Korean Society for Critical Inquiry of Childhood Education","10.26834","0","0","0"
"Kocaeli Universitesi Mimarlik ve Yasam Dergisi","10.26835","0","0","0"
"International Journal of Advanced Scientific Research and Development","10.26836","0","0","0"
"TWMS Journal of Applied and Engineering Mathematics","10.26837","1","0","1"
"Medico Edge Publication","10.26838","0","0","0"
"Institute of Philosophical Studies","10.26839","0","0","0"
"Korean Association of Island","10.26840","0","0","0"
"African Virtual University","10.26841","0","0","0"
"Iraq Natural History Research Center and Museum","10.26842","0","0","0"
"Cruzeiro do Sul Educacional","10.26843","2","0","2"
"The Korean Society of Elementary Physical Education","10.26844","2","0","2"
"Korean Securities Association","10.26845","0","0","0"
"The Korean Association of Governance Studies","10.26847","0","0","0"
"Revista Brasileira de Geografia Fisica","10.26848","43","8","51"
"Ecletica Quimica Journal","10.26850","4","1","5"
"Revista Uruguaya de Ciencia Politica","10.26851","0","0","0"
"Fundacion Universitaria Sanitas","10.26852","0","0","0"
"Revista Fatec Zona Sul","10.26853","0","0","0"
"Europe Culture Arts Association","10.26854","0","0","0"
"Hill Publishing Group Inc.","10.26855","1","0","1"
"Korean Academy of Management","10.26856","0","0","0"
"Institute of Distance Education","10.26857","22","0","22"
"Universitas Negeri Makassar","10.26858","31","5","36"
"Barkat Ali Firaq Trust for Education and Research","10.26859","2","0","2"
"National Society for Integration of Applied-Basic Medical Sciences","10.26860","0","0","0"
"The Dance Society for Documentation and History","10.26861","0","0","0"
"Korean Physical Therapy Science","10.26862","0","0","0"
"The Korean Association of Regional Geographers","10.26863","0","0","0"
"Psicologia, Conocimiento y Sociedad","10.26864","0","0","0"
"Korean Institute of Electromagnetic Engineering and Science","10.26866,10.5515","1485","8","1493"
"Faculty of Economic Engineering","10.26867","0","0","0"
"Internet2","10.26869","2","0","2"
"Kina Institute for International Knowledge Network, S.L","10.26870","6","2","8"
"Revistas Killkana","10.26871","1","0","1"
"CEMADES","10.26872","3","1","4"
"University of Ljubljana, Veterinary Faculty","10.26873","0","0","0"
"Universitas Jenderal Achmad Yani","10.26874","1","0","1"
"Association of Doctors for Holistic Care","10.26875","0","0","0"
"Udako Euskal Unibertsitatea","10.26876","0","0","0"
"Universitas PGRI Semarang","10.26877","2","1","3"
"iGlobal Educational Services","10.26878","0","0","0"
"Coquina Press","10.26879","45","13","58"
"Ilmiah.ID","10.26880","0","0","0"
"Uniwersytet Gdanski","10.26881","0","0","0"
"Historia Agraria","10.26882","2","0","2"
"Education and Technologies Association","10.26883","0","0","0"
"Pidvodni Tehnologii","10.26884","0","0","0"
"Universidad Iberoamericana","10.26885","0","0","0"
"TK Meganom LLC","10.26886","0","0","0"
"Institut Seni Indonesia Padang Panjang","10.26887","0","0","0"
"Oxford Institute for Energy Studies (ID 11429)","10.26889","255","3","258"
"University of Dayton Libraries","10.26890","3","0","3"
"Fakultas Kedokteran Universitas Riau","10.26891","0","0","0"
"Noctua- Arqueologia e Patrimonio","10.26892","0","0","0"
"Revista Mosaicum","10.26893","0","0","0"
"Koreanisch-Deutsche Gesellschaft Fuer Erziehungswissenschaft","10.26894","0","0","0"
"Revista Geosaberes","10.26895","0","0","0"
"TEST-ZL Publishing (ID 11439)","10.26896","3","-2","1"
"Moscow Agricultural Academy named after K.A. Timiryazev (ID 11443)","10.26897","1","0","1"
"SFSCA RAS (ID 11441)","10.26898","1","0","1"
"The Journal of International Civilization Studies","10.26899","0","0","0"
"Journal of Scientific Perspectives","10.26900","0","0","0"
"NIIC SB RAS","10.26902","0","0","0"
"Research Publishing International","10.26904","0","0","0"
"Universitas Merdeka Malang","10.26905","0","0","0"
"Poltava National Technical Yuri Kondratyuk University","10.26906","0","0","0"
"Kazan Federal University","10.26907","0","0","0"
"SE Engineering Center Drying Institute of Engineering Thermophysics","10.26909","0","0","0"
"Universidad Tecnica de Babahoyo","10.26910","0","0","0"
"Masters Program in Public Health, Sebelas Maret University","10.26911","4","0","4"
"Scientific Dental Journal","10.26912","0","0","0"
"UNESCO Institute for Statistics","10.15220","62","4","66"
"Hometrica Consulting","10.15221","50","3","53"
"Private Enterprise, Politehperiodika","10.15222","1","0","1"
"International STM Association","10.15223","0","1","1"
"Research Engineers and Doctors Pvt Ltd","10.15224","13","-5","8"
"Polskie Towarzystwo Pielegniarek Neurologicznych (Polish Assn. of Neurological Nurses)","10.15225","1","-1","0"
"Symbiosis Group","10.15226","162","89","251"
"Organic Syntheses","10.15227","12227","10989","23216"
"Pakistan Journal of Chemistry","10.15228","50","-8","42"
"TAPAC: Theatre and Performance Across Cultures","10.15229","0","0","0"
"Japanese Society of Allergology","10.2332","5972","3320","9292"
"Behaviormetric Society of Japan","10.2333","1539","602","2141"
"Nihon University School of Dentistry","10.2334","7325","3147","10472"
"Japanese Society on Surgery for Cerebral Stroke","10.2335","1587","423","2010"
"American Medical Student Research Journal","10.15422","5","1","6"
"Academy of Dental Education","10.15423","0","1","1"
"Universidad de los Andes, Facultad de Derecho","10.15425","9","1","10"
"Instituto Cervantes at Harvard University","10.15427","3","0","3"
"Society of Korean Medicine for Obesity Research (ID 6104)","10.15429","113","7","120"
"Korean Society of Cancer Prevention (ID 6103)","10.15430","819","369","1188"
"Korea Academy of Traditional Oncology","10.15432","9","0","9"
"The Korean Society for Marine Biotechnology","10.15433","5","2","7"
"The Korea Society of School Health","10.15434","95","-1","94"
"Institute for Liquid Atomization and Spray Systems - Korea","10.15435","68","11","79"
"Ommega Online Publishers","10.15436","119","39","158"
"Joint Implant Surgery and Research Foundation","10.15438","32","17","49"
"Polish Information Processing Society PTI","10.15439","1123","111","1234"
"The Korean Society of Emergency Medicine","10.15441","158","84","242"
"Wyzsza Szkola Spoleczno-Przyrodnicza im Wincentego Pola W Lublinie (Vincent Pol University)","10.15442","3","2","5"
"Universidad de la Serena","10.15443","2","0","2"
"Global Alliance of Marketing and Management Associations","10.15444","13","-1","12"
"University of Sheffield Conference Proceedings","10.15445","0","1","1"
"Westburn Publishers","10.1362","14992","3314","18306"
"Guttmacher Institute (ID 259)","10.1363","11286","4908","16194"
"Fakultas Ilmu Komputer Universitas Narotama","10.31090","0","0","0"
"Institut Seni Indonesia Denpasar","10.31091","0","0","0"
"Politeknik Keuangan Negara STAN","10.31092","0","0","0"
"Program Studi di Luar Kampus Utama (PSDKU) UNAIR di Banyuwangi","10.31093","0","0","0"
"National Academy of Education","10.31094","1","0","1"
"Universidad Espíritu Santo","10.31095","0","0","0"
"Chonnam National University Medical School (KAMJE)","10.4068","734","293","1027"
"Korean Academy of Women's Health Nursing (KAMJE)","10.4069","1019","59","1078"
"The Korean Society of Cardiology (KAMJE)","10.4070","5144","1551","6695"
"International Microelectronics and Packaging Society (IMAPS)","10.4071","990","115","1105"
"Sociedade Brasileira de Paleontologia","10.4072","1051","829","1880"
"The Campbell Collaboration","10.4073","889","-80","809"
"Mohr Siebeck (ID 629)","10.1628","3301","1523","4824"
"Journal of Integrated Disaster Risk Management","10.5595","203","-55","148"
"Canadian Health Libraries Association","10.5596","342","39","381"
"Sociedad Latinoamericana de Especialistas en Mamiferos Acuaticos (SOLAMAC)","10.5597","554","167","721"
"East African Health Research Commission","10.24248","2","0","2"
"Faculty of Philology, Lomonosov Moscow State University","10.24249","1","0","1"
"Aurel Vlaicu University of Arad","10.24250","0","0","0"
"HICSS Conference Office","10.24251","441","80","521"
"Universitas Islam Negeri Alauddin Makassar","10.24252","4","1","5"
"Colegio de Enfermeria de Caceres","10.24253","0","0","0"
"Sociedad Mexicana de Ingenieria Biomedica, A.C.","10.24254","0","0","0"
"Fundacja Heart Beat","10.24255","0","0","0"
"Institut Agama Islam Negeri (IAIN) Palopo","10.24256","0","0","0"
"Balai Bahasa Jawa Timur","10.24257","21","-19","2"
"PKP2A III Lembaga Administrasi Negara","10.24258","0","0","0"
"Fakultas Kehutanan, Universitas Hasanuddin (Forestry Faculty, Hassannuddin Univ)","10.24259","2","0","2"
"IAIN Pontianak","10.24260","2","1","3"
"Associacao Internacional de Lusitanistas","10.24261","0","0","0"
"E-Discovery Publication","10.24262","1","1","2"
"National University of Food Technologies","10.24263","1","2","3"
"Leather and Footwear Research Institute (INCDTP-ICPI)","10.24264","3","5","8"
"Universidad de San Martin de Porres","10.24265","6","5","11"
"Universidad de Boyaca","10.24267","1","0","1"
"Universitas Muhammadiyah Ponorogo","10.24269","0","0","0"
"The Educational Research Institute","10.24270","0","0","0"
"University of Garmian","10.24271","0","0","0"
"Zoological Research","10.24272","20","3","23"
"Journal of Geoscience, Engineering, Environment and Technology (JGEET)","10.24273","13","-7","6"
"One Central Press","10.24274","3","1","4"
"Universidad Autonoma Metropolitana","10.24275","4","0","4"
"Revista Recien - Revista Cientifica de Enfermagem","10.24276","7","1","8"
"Classica - Revista Brasileira de Estudos Classicos","10.24277","1","0","1"
"Journal of Management and Technology","10.24279","0","0","0"
"Argumentos Pro-Educacao​","10.24280","0","0","0"
"Revista Remecs - Revista Multidisciplinar de Estudos Cientificos em Saude","10.24281","0","0","0"
"Open Access Scholarly Publishers Association (OASPA)","10.24282","0","0","0"
"The Korean Society for Urban Railway","10.24284","0","0","0"
"Korean Association of Chinese Language Education","10.24285","1","0","1"
"The Society Korean Children Literature","10.24286","0","0","0"
"Fund Doctors, Innovations, Science for Children (ID 10383)","10.24287","0","0","0"
"Journal of Tourism Theory and Research","10.24288","2","1","3"
"Society of Nuclear Medicine","10.2967","64868","31669","96537"
"Korean Association of Agricultural Medicine and Community Health","10.5393","432","14","446"
"Korean Institute of Navigation and Port Research","10.5394","996","-91","905"
"The Korean Academy of Conservative Dentistry (KAMJE)","10.5395","1475","376","1851"
"Korean Shoulder and Elbow Society","10.5397","318","-13","305"
"Media Peternakan","10.5398","159","42","201"
"Oregon State University","10.5399","70","26","96"
"Journal of Tropical Soils","10.5400","13","13","26"
"Australian and New Zealand Society of the History of Medicine","10.5401","46","51","97"
"International Journal of Medical Education","10.5116","1792","433","2225"
"Amsterdam University Press","10.5117","6266","-107","6159"
"Burke's Peerage and Gentry","10.5118","5","1","6"
"Chernihiv National University of Technology","10.25140","8","0","8"
"Biocore Group","10.25141","3","0","3"
"Riga Stradins University","10.25143","0","0","0"
"University of La Laguna","10.25145","233","94","327"
"KSPU named after V.P. Astafiev","10.25146","0","0","0"
"STEP Academic Publisher","10.25147","0","0","0"
"Florida International University","10.25148","35","8","43"
"JCF Corporate Consulting Services","10.25149","12","3","15"
"Dong-ak Society of Language and Literature","10.25150","0","0","0"
"The New Korean Association of English Language and Literature","10.25151","3","4","7"
"Secondary Education Institute","10.25152","22","-1","21"
"Society of Preventative Korean Medicine","10.25153","2","0","2"
"Australian Institute of Male Health and Studies (AIMHS)","10.25155","1","0","1"
"Erbil Polytechnic University","10.25156","0","0","0"
"Universitas Galuh Ciamis","10.25157","0","0","0"
"Cultural Studies Association","10.25158","7","1","8"
"UNISA Press","10.25159","45","3","48"
"Salvia Medical Sciences Ltd","10.31661","0","0","0"
"Institute of Art History","10.31664","0","0","0"
"The Academy of Korea Hospitality and Tourism","10.31667","0","0","0"
"Revista Herodoto","10.31669","0","0","0"
"The International Journal of Human Resource Development: Practice, Policy and Research","10.22324","1","0","1"
"Federacion Espanola de Sociologia","10.22325","5","0","5"
"International Journal of Anatolia Sport Sciences","10.22326","0","0","0"
"The Research Institute of Korean Education","10.22327","2","-1","1"
"Baltic Medical Education Center (ID 9600)","10.22328","4","-1","3"
"University of Windsor Leddy Library","10.22329","1154","245","1399"
"International Society for Human Ethology (ISHE)","10.22330","11","3","14"
"Verein zur Forderung des Open Access Publizierens in den Quantenwissenschaften (ID 9598)","10.22331","196","0","196"
"Center for the Study of Material and Visual Cultures of Religion","10.22332","3","0","3"
"Center for Civil Integration and Inter-Ethnic Relations","10.22333","12","0","12"
"JBHOST Journal of Business on Hospitality and Tourism","10.22334","2","0","2"
"Policia Nacional de Colombia","10.22335","0","0","0"
"Fundatia Universitara Sanabuna","10.22336","3","2","5"
"Publishing House ASV (Izdatelstvo ASV)","10.22337","4","0","4"
"Andalas University","10.22338","1","0","1"
"International Big History Association","10.22339","2","0","2"
"Chungbuk National University Social Science Institute","10.22340","0","0","0"
"JACSOnline Group Publisher (ID 9605)","10.22341","0","0","0"
"Milbank Memorial Fund","10.1599","86","5","91"
"American Society of Plant Taxonomists","10.1600","7088","2432","9520"
"Kare Publishing","10.14744","52","19","71"
"Infectious Disease and Control Branch (IDPCB) - Public Health Agency of Canada","10.14745","47","32","79"
"Research Institute for Economics and Business Administration - Kobe University","10.11640","80","-48","32"
"Universidad Autonoma de Nayarit - Revista Bio Ciencias","10.15741","1","0","1"
"Djokosoetono Research Center","10.15742","5","0","5"
"Brazilian Journal of Internal Medicine","10.15743","0","0","0"
"Annex Publishers, LLC","10.15744","52","11","63"
"Religious Studies","10.15745","0","0","0"
"Soonchunhyang Medical Research Institute","10.15746","32","2","34"
"Korean Society for Parenteral and Enteral Nutrition","10.15747","29","7","36"
"Japan Society for Simulation Technology","10.15748","65","17","82"
"The Korean Association of Translation Studies","10.15749","97","10","107"
"MBLWHOI Library","10.1575","2064","501","2565"
"Institute for Philosophy","10.15750","0","0","0"
"Contemporary Film Research Institute","10.15751","13","-1","12"
"Institute for the Translation of Korean Classics","10.15752","8","2","10"
"Asian Journal of Education","10.15753","181","19","200"
"The Korean Philosophy of Education Society","10.15754","21","1","22"
"Foreign Studies Institute","10.15755","0","0","0"
"Democratic Legal Studies Association","10.15756","1","0","1"
"Center for Studies of Christian Thoughts and Culture","10.15757","58","1","59"
"Korean Academy of Kinesiology","10.15758","17","0","17"
"International Journal of Entrepreneurial Knowledge","10.15759","4","-1","3"
"National Centre of Excellence in Analytical Chemistry","10.21743","3","2","5"
"Revista Acta Científica","10.21745","0","0","0"
"Adhya Biosciences Pvt. Ltd.","10.21746","26","29","55"
"Universidade do Porto, Faculdade de Letras","10.21747","3","0","3"
"American Oil Chemists Society","10.21748","15","20","35"
"Moscow Regional Research and Clinical Institute (MONIKI) (ID 7988)","10.18786","22","0","22"
"Korean Rhinologic Society (KAMJE)","10.18787","11","-1","10"
"Revista Lugares de Educacao","10.18788","1","1","2"
"The World Society of Taekwondo Culture","10.18789","0","0","0"
"Sociedad Espanola de Paleontologia","10.18790","0","0","0"
"Neurosurgical Atlas,Inc.","10.18791","1","0","1"
"British Association for the Study of Religions (BASR)","10.18792","22","0","22"
"Northern Institute","10.18793","31","2","33"
"Medical University of Silesia","10.18794","0","3","3"
"Mavi Atlas","10.18795","0","0","0"
"Ugol Journal Edition LLC","10.18796","14","1","15"
"Canadian Arena of Applied Scientific Research, Ltd.","10.18797","0","1","1"
"National Research Tomsk Polytechnic University","10.18799","0","0","0"
"Sistema de Bibliotecas PUCP","10.18800","13","2","15"
"Journal BiNET","10.18801","13","10","23"
"Associacao Portuguesa de Sistemas de Informacao","10.18803","1","1","2"
"Youngsan Theological Institute","10.18804","0","0","0"
"Agricultural Research Communication Center","10.18805","96","22","118"
"TESL Canada Federation","10.18806","1530","254","1784"
"The Society of Service Science","10.18807","3","1","4"
"Korea Parliamentary Research Institute","10.18808","1","0","1"
"Neal A. Maxwell Institute for Religious Scholarship","10.18809","2","0","2"
"International Society of Environmental Botanists","10.18811","5","5","10"
"Japan Petroleum Institute","10.1627","3467","5022","8489"
"Blackhorse Publishing","10.1066","25","12","37"
"Jurnal Riset Industri Hasil Hutan","10.24111","0","0","0"
"Asian Energy Studies Centre","10.24112","0","2","2"
"Smart Moves","10.24113","0","0","0"
"State University of Medan","10.24114","0","0","0"
"Laplage em Revista","10.24115","2","0","2"
"Educacao Matematica Debate","10.24116","0","0","0"
"Transversal: International Journal for the Historiography of Science","10.24117","0","0","0"
"Secretaria Municipal de Saude do Rio de Janeiro","10.24118","0","0","0"
"Associacao de Docentes da Estacio de Sa (ADESA)","10.24119","0","0","0"
"Institute of Business Research","10.24122","2","3","5"
"University of Surabaya","10.24123","0","0","0"
"University of Northern British Columbia","10.24124","7","4","11"
"Association of Medical Doctors Sanamed","10.24125","0","0","0"
"Biotechnolgy Research Center","10.24126","0","0","0"
"Muhammadiyah Metro University","10.24127","2","-1","1"
"International Journal of Recent Advancement in Engineering and Research (IJRAER)","10.24128","0","0","0"
"Imaidea Interactiva, S.L.","10.24129","0","0","0"
"Association for the Development of Early Childhood Education in Turkey","10.24130","0","0","0"
"Instytut Badan Edukacyjnych","10.24131","0","0","0"
"University of West Bohemia","10.24132","6","1","7"
"Universidad de las Fuerzas Armadas ESPE","10.24133","2","0","2"
"Brief Encounters Postgraduate Journal","10.24134","0","0","0"
"Auckland University of Technology (AUT) Library","10.24135","150","20","170"
"Instytut Badan Gospodarczych / Institute of Economic Research","10.24136","15","1","16"
"Asociacion Espanola de Investigacion de la Comunicacion (AE-IC)","10.24137","0","1","1"
"Croatian Communications and Information Society","10.24138","184","-11","173"
"Sumy State Pedagogical University named A.S.Makarenko","10.24139","0","0","0"
"Universidade Lusofona de Humanidades e Tecnologias","10.24140","0","0","0"
"Zdravstveno veleuciliste","10.24141","2","1","3"
"Universidad Autonoma Latinoamericana","10.24142","3","-1","2"
"Astrakhan State Technical University","10.24143","0","0","0"
"Uzhhorod National University","10.24144","1","0","1"
"Turk Kutuphaneciligi - Turkish Librarianship","10.24146","1","0","1"
"Dostoevsky Omsk State University (ID 10235)","10.24147","0","0","0"
"Federal Reserve Bank of San Francisco","10.24148","3","13","16"
"Federal Reserve Bank of Dallas","10.24149","16","11","27"
"University of Missouri","10.24150","0","0","0"
"National Research University of Electronic Technology (MIET)","10.24151","3","3","6"
"The Korean Society of Nineteenth Century Literature in English","10.24152","0","0","0"
"LLC Kazan Publishing House","10.24153","2","1","3"
"Jurnal Ilmu Keluarga dan Konsumen","10.24156","6","1","7"
"Arcadian Group S.A.","10.24157","2","1","3"
"Nihon University School of Dentistry at Matsudo Research Institute of Oral Science","10.5466","203","70","273"
"The Korean Earth Science Society","10.5467","1412","-219","1193"
"Korean Society of Obstetrics and Gynecology (KAMJE)","10.5468","1158","308","1466"
"Korean Society of Interventional Neuroradiology","10.5469","430","117","547"
"Marmara Medical Journal","10.5472","7","2","9"
"Geological Survey of Slovenia","10.5474","574","399","973"
"Centro de Investigaciones Sociologicas","10.5477","59","-8","51"
"Korean Society for Mass Spectrometry","10.5478","285","25","310"
"ACTA Press","10.2316","3653","330","3983"
"Kansas Entomological Society","10.2317","1749","407","2156"
"The Angle Orthodontist (EH Angle Education & Research Foundation)","10.2319","12335","5931","18266"
"Revista Tocantinense de Geografia","10.22241","0","0","0"
"Korean Academy of Leadership","10.22243","1","0","1"
"Indian Association for Angiosperm Taxonomy (IAAT)","10.22244","0","0","0"
"The Korean Academy of New Religions","10.22245","14","1","15"
"The Society of Internal Korean Medicine","10.22246","37","1","38"
"EverScience Publications","10.22247","7","0","7"
"Amur State University","10.22250","6","0","6"
"Korean Association For Learner-Centered Curriculum And Instruction","10.22251","28","3","31"
"Inonu Universitesi Kultur ve Sanat Dergisi/Inonu University Journal of Culture and Art","10.22252","0","0","0"
"The Korean Society for Seon Studies","10.22253","6","-1","5"
"Korean Association for Buddhist Studies","10.22255","0","0","0"
"PUBVET","10.22256","55","-26","29"
"Korean Psychological Association","10.22257","6","1","7"
"Asociacion Civil Universidad de Ciencias y Humanidades","10.22258","0","0","0"
"Sryahwa Publications","10.22259","0","0","0"
"The Japanese Society of Strategies for Cancer Research and Therapy","10.4993","192","15","207"
"Japonesa","10.4994","3","0","3"
"Journal of Urban and Environmental Engineering","10.4090","330","53","383"
"The Health Care Science Institute","10.4091","259","32","291"
"Japan Society for Research on Emotions","10.4092","156","-12","144"
"Korean Diabetes Association (KAMJE)","10.4093","4958","1393","6351"
"Korean Academy of Child Health Nursing","10.4094","784","60","844"
"American Journal of Pharmaceutical Education","10.5688","11534","5631","17165"
"Academic and Scientific Publishers","10.5689","1","0","1"
"Kantoh Sociological Society","10.5690","13","0","13"
"The Biometric Society of Japan","10.5691","102","21","123"
"Societas Neurologica Japonica","10.5692","1237","447","1684"
"Digital Journal of Opthalmology","10.5693","11","0","11"
"Korean Neurological Association (KAMJE)","10.3988","3573","1663","5236"
"Instituto Estudios Bursatiles (IEB)","10.5605","12","-1","11"
"Baycinar Tibbi Yayincilik","10.5606","752","262","1014"
"The Korean Society for Brain and Neural Science (KAMJE)","10.5607","1711","880","2591"
"Japanese Society of Insurance Science","10.5609","3","1","4"
"Japan Association for Earthquake Engineering","10.5610","484","99","583"
"The Japanese Society for Neutron Science","10.5611","6","2","8"
"Association for Slavic, East European, and Eurasian Studies","10.5612","297","24","321"
"Croatian Sociological Association","10.5613","45","-1","44"
"The Institute for Research and Community Services (LPPM) ITB","10.5614","617","175","792"
"Japan Society for Southeast Asian Studies","10.5512","2","0","2"
"Journal of Central European Agriculture","10.5513","366","76","442"
"Sociedad Mexicana de Analisis de la Conducta","10.5514","32","2","34"
"Korean Nuclear Society","10.5516","1642","2741","4383"
"Commonwealth Forestry Association","10.1505","2341","1056","3397"
"International Network for Social Network Analysts","10.17266","7","4","11"
"Escola Bahiana de Medicina e Saude Publica","10.17267","13","2","15"
"Scientia Agropecuaria","10.17268","73","35","108"
"Wyzsza Szkola Logistyki (Poznan School of Logistics)","10.17270","24","7","31"
"ANAP - Associacao Amigos de Natureza de Alta Paulista","10.17271","60","-53","7"
"Subsea Diving Contractor di Stefano Di Cagno","10.17272","0","0","0"
"IndorSoft, LLC","10.17273","436","-8","428"
"Infotech","10.17274","1","0","1"
"Participatory Educational Research (Per)","10.17275","43","1","44"
"Tambov State Technical University","10.17277","6","3","9"
"International Journal of Educational Studies in Mathematics (IJESIM)","10.17278","8","1","9"
"The Journal of the Korean Association of Geographic and Environmental Education","10.17279","40","31","71"
"Korea Digital Design Council","10.17280","182","12","194"
"The Hegel Society of Korea","10.17281","0","0","0"
"Korean Elementary Moral Education Society","10.17282","2","0","2"
"Korean Educational Idea Association","10.17283","25","-1","24"
"CSRI Elektropribor","10.17285","9","0","9"
"The Korean Society Of Educational Psychology","10.17286","15","0","15"
"Korean Academic Society of Business Administration","10.17287","16","0","16"
"Korea Society of Color Studies","10.17289","55","0","55"
"The Linguistic Society of Korea","10.17290,10.18855","72","21","93"
"The Society of Korean Language and Literature (NRFK)","10.17291","1","1","2"
"Institute of Information Theory and Automation","10.14736","63","6","69"
"Nexus Academic Publishers","10.14737","388","119","507"
"Scholar Publishing","10.14738","277","-10","267"
"Zaporozhye State Medical University","10.14739","6","1","7"
"Elmer Press, Inc.","10.14740","1181","436","1617"
"Inpressco","10.14741","30","32","62"
"Australasian Society for Computers in Learning in Tertiary Education","10.14742","4650","930","5580"
"Production Engineering Institute (PEI), Faculty of Mechanical Engineering","10.14743","169","31","200"
"Royal College of Physicians","10.7861","8728","2915","11643"
"Rzeszow University of Technology","10.7862","57","7","64"
"Communications in Inorganic Synthesis","10.21060","6","5","11"
"Virginia Tech Libraries (ID 8817)","10.21061","1935","244","2179"
"Jan Evangelista Purkyne University in Usti nad Labem","10.21062","0","0","0"
"ITP Press","10.21063","1","1","2"
"Woman in Russian Society","10.21064","0","0","0"
"Intellectual Consortium of Drug Discovery and Technology Development Incorporation","10.21065","5","6","11"
"HIDK (CARCL)","10.21066","1","0","1"
"University of Kanjuruhan Malang","10.21067","1","0","1"
"Instituto de Investigacion de Recursos Biologicos Alexander von Humboldt (IAVH)","10.21068","9","-1","8"
"Acta Pediatrica Portuguesa","10.21069","0","0","0"
"Muhammadiyah University Sidoarjo (ID 8674)","10.21070","8","-3","5"
"Cordoba University Press (UCOPress)","10.21071","48","12","60"
"International Bone & Mineral Society","10.1138","607","365","972"
"The Japan Geriatrics Society","10.3143","2906","984","3890"
"The Arab Center for Research and Policy Studies","10.31430","0","0","0"
"IVS FEB RAS","10.31431","0","0","0"
"International Centre for Scientific and Technical Information","10.31432","0","0","0"
"ICARP FEBRAS","10.31433","0","0","0"
"Revista Medica Sinergia","10.31434","0","0","0"
"RS Global Sp. z O.O.","10.31435","0","0","0"
"IIUM Press","10.31436","0","0","0"
"Department of Polymer Engineering, Scientific Society of Mechanical Engineering","10.3144","10683","6249","16932"
"Don't forget the bubbles","10.31440","0","0","0"
"Economy of Agricultural and Processing Enterprises","10.31442","0","0","0"
"Balai Pengembangan SDM dan Penelitian Kominfo Jakarta","10.31445","1","0","1"
"Central States Communication Association","10.31446","1","0","1"
"Ediciones Profesionales de la Informacion SL (ID 1709)","10.3145","1321","212","1533"
"Institute of Nephrology of the National Academy of Medical Sciences","10.31450","0","0","0"
"Canakkale Onsekiz Mart Universitesi Uluslararasi Sosyal Bilimler Dergisi (ID 16502)","10.31454","0","0","0"
"Akademik Sosyal Arastirmalar Dergisi (Asya Studies) (ID 16499)","10.31455","0","0","0"
"Journal of Islamicjerusalem Studies (ID 16496)","10.31456","0","0","0"
"International e-Journal of Educational Studies (ID 16514)","10.31458","0","0","0"
"Turkish Journal of Kinesiology (ID 16510)","10.31459","0","0","0"
"American Peanut Research and Education Society","10.3146","3826","1857","5683"
"Muhasebe Bilim Dunyası Dergisi (ID 16511)","10.31460","0","0","0"
"Yasam Becerileri Psikoloji Dergisi (ID 16513)","10.31461","0","0","0"
"Jurnal Bina Mulia Hukum","10.23920","0","0","0"
"Quench Academy of Medical Education and Research (QAMER) Publishing House","10.23921","1","0","1"
"The Japan Society of Coloproctology","10.23922","2","2","4"
"Consejo General de Colegios Oficiales de Psicologos","10.23923","10","0","10"
"Centro de Investigacion Social Avanzada (CISAV)","10.23924","0","0","0"
"Portal de Revistas PUC SP","10.23925","10","1","11"
"Revista Pratica Docente","10.23926","0","0","0"
"Insituto Historico e Geografico Brasileiro","10.23927","0","0","0"
"Foldtani Kozlony","10.23928","2","3","5"
"International Journal of Academic Value Studies (Javstudies JAVS)","10.23929","1","0","1"
"Korean Association of Child Psychotherapy","10.23931","1","0","1"
"Center for Crisis Society Studies (ID 10012)","10.23932","0","0","0"
"The Korean Society of Greco-Roman Studies","10.23933","0","1","1"
"The Scientific and Practical Society of Emergency Medicine Physicians (ID 10021)","10.23934","0","0","0"
"Revista Invesigacion Cualitativa","10.23935","0","0","0"
"Saludesa","10.23936","0","0","0"
"ClinMed International Library","10.23937","282","110","392"
"The Society of Korean Christian Social Ethics","10.21050","0","0","0"
"Korea University Peace and Democracy Institute","10.21051","0","0","0"
"Dokuz Eylul University Review of the Faculty of Divinity","10.21054","0","0","0"
"Russian Research Anti-Plague Institute Microbe (ID 8634)","10.21055","43","-2","41"
"Revista de Direito Administrativo and Constitucional","10.21056","4","0","4"
"Revista de Estudos e Pesquisas Sobre as Americas","10.21057","29","1","30"
"Gyancity Research Lab","10.21058","2","0","2"
"Buletin Peternakan","10.21059","32","2","34"
"The Association for Plant Protection of Kyushu","10.4241","1149","350","1499"
"Mulberry Technologies, Inc.","10.4242","511","2","513"
"Hebrew University Magnes Press","10.4243","1","0","1"
"Louisiana State University Libraries","10.31390","7","1","8"
"ITESO, A.C.","10.31391","0","0","0"
"National Pedagogical Dragomanov University","10.31392","0","0","0"
"Vinnytsia National Pyrogov Memorial Medical University","10.31393","0","0","0"
"Uman National University of Horticulture","10.31395","0","0","0"
"Edizioni Danaus sas","10.31396","0","0","0"
"Community Development Academic","10.31397","0","1","1"
"National Fisheries Research and Development Institute","10.31398","0","0","0"
"IMBR RAS","10.21072","0","1","1"
"Korea International Accounting Association","10.21073","1","0","1"
"Korea Society for Consumer Advertising Psychology","10.21074","54","36","90"
"The Korean Association for Children with Special Needs","10.21075","174","4","178"
"Suleyman Demirel University Visionary Journal","10.21076","0","0","0"
"Central Marine Fisheries Research Institute, Kochi","10.21077","21","14","35"
"Journal of Systems Science and Information (JSSI)","10.21078","8","1","9"
"U.S. Army Engineer Research and Development Center","10.21079","4","-1","3"
"Zoological Society of Japan","10.2108","15992","11137","27129"
"Alpha Chi National Honor Society","10.21081","0","0","0"
"Korean Society of Sleep Medicine","10.17241","89","28","117"
"Magyar Vizivad Kozlemenyek","10.17242","1","0","1"
"Magyar Aprovad Kozlemenyek","10.17243","2","-1","1"
"Egitimde Kuram ve Uygulama","10.17244","0","0","0"
"The Korean Dental Society of Anesthesiology (KAMJE)","10.17245","166","7","173"
"Korea Design Knowledge Society","10.17246","6","0","6"
"The Society of Korean Language and Literature Education","10.17247","0","1","1"
"Law Research Institute of KNU","10.17248","1","0","1"
"Institute for the Study of Language and Information, Kyung Hee University","10.17250","98","12","110"
"Legal Research Institute Kookmin University","10.17251","119","-4","115"
"Institute for Legal Study","10.17252","15","0","15"
"Sung Shin Women's University Educational Reseach Institute","10.17253","50","4","54"
"Ewha Music Research Institute","10.17254","17","2","19"
"E-Trade Review","10.17255","254","2","256"
"Hanyang Economic Research Institute","10.17256","7","0","7"
"HUFS Law Research Institute","10.17257","22","16","38"
"The Institute of Korea Bibliography","10.17258","3","0","3"
"The Classic and English Renaissance Literature Association of Korea","10.17259","7","-1","6"
"The Association of Korea Literature in Chinese","10.17260","15","-7","8"
"Pressacademia","10.17261","13","-1","12"
"Institute of Health and Environment","10.17262","1","0","1"
"Marianna University Society of Medical Science","10.17264","13","1","14"
"National League for Nursing","10.5480","1629","1053","2682"
"Graduate School Khon Kaen University","10.5481","13","1","14"
"Korean Society for Biochemistry and Molecular Biology - BMB Reports (ID 3442)","10.5483","14416","6762","21178"
"The Korean Society of Toxicology (ID 3449)","10.5487","1409","686","2095"
"Institute for Condensed Matter Physics","10.5488","2600","1159","3759"
"Bellwether  Publishing","10.2747","25857","13220","39077"
"Mathematical Institute, Tohoku University","10.2748","5783","5970","11753"
"American Economic Association","10.1257","261982","151937","413919"
"Edith Cowan University","10.14221","2577","239","2816"
"Journal of Turkish Research Institute","10.14222","4","1","5"
"Journal of History School","10.14225","5","1","6"
"Korean Society for Imaging Science and Technology","10.14226","5","0","5"
"Dissolution Technologies","10.14227","1120","996","2116"
"InPress Media Group","10.14229","2","3","5"
"Karabuk University Journal of Institute of Social Sciences","10.14230","1","0","1"
"Foundation Compositio Mathematica","10.14231","183","36","219"
"Korea Multimedia Society","10.9717","865","19","884"
"The Korea Society of Medical and Biological Engineering","10.9718","70","5","75"
"The Korean Society of Economic and Environmental Geology","10.9719","251","36","287"
"The Korea Society of Engineering Geology","10.9720","324","31","355"
"Korean Society of Food Science and Technology","10.9721","2176","29","2205"
"The Korean Society for the Gifted","10.9722","91","0","91"
"The Korea Society of Industrial Systems","10.9723","238","0","238"
"Korean Society of Food and Cookery Science","10.9724","1271","-42","1229"
"The Korean Society of Tribologists and Lubrication Engineers","10.9725","110","2","112"
"The Korea Society for Power System Engineering","10.9726","165","1","166"
"The Mineralogical Society of Korea","10.9727","171","13","184"
"Digital Contents Society","10.9728","271","0","271"
"Korean Society of Electron Microscopy (ID 4672)","10.9729","121","56","177"
"Department of Nursing University of Michigan-Flint","10.9730","30","12","42"
"Revista Brasileira de Estudos Politicos","10.9732","1","0","1"
"UCTEA Chamber of Surveying and Cadastre Engineers","10.9733","38","6","44"
"Japanese Association for Acute Medicine","10.3893","331","12","343"
"Journal of Advances in Modeling Earth Systems (JAMES)","10.3894","801","-31","770"
"Japan Society of Erosion Control Engineering","10.13101","185","74","259"
"Universidade Estadual de Feira de Santana","10.13102","584","125","709"
"The Korean Society of Food Hygiene and Safety","10.13103","366","17","383"
"Korean Society of Magnetic Resonance in Medicine (KAMJE)","10.13104","124","19","143"
"Indian Orthopaedic Research Group","10.13107","14","2","16"
"Institue of Mathematics, USC RAS","10.13108","88","2","90"
"UCAM CCD","10.12800","24","-6","18"
"Dancecult: Journal of Electronic Dance Music Culture","10.12801","68","3","71"
"Revista Latinoamericana de Investigacion en Matematica Educativa (RELIME)","10.12802","74","3","77"
"The Scientific Society Akroasis","10.12803","3","0","3"
"Colegio Mayor de Nuestra Senor del Rosario","10.12804","132","22","154"
"Journal of Leadership Education","10.12806","953","9","962"
"University of Western Sydney SOHACA","10.12807","42","1","43"
"Bilgi Terecem","10.12808","3","1","4"
"Hong Kong Academy of Medicine Press","10.12809","302","72","374"
"Korea Society of Health Service Management","10.12811","684","6","690"
"Korea Safety Management and Science","10.12812","148","1","149"
"Korea Institute of Ecological Architecture and Environment","10.12813","88","17","105"
"Korean GeoSynthetics Society","10.12814","59","3","62"
"The Korea Institute of Intelligent Transport Systems","10.12815","180","7","187"
"Pravni Fakultet Sveucilista u Zagrebu (Law School of the University of Zagreb)","10.3935","125","-45","80"
"hpsmedia","10.3936","7","3","10"
"Japan Society for Oriental Medicine","10.3937","436","52","488"
"Araucaria Comunicacao Integrada","10.7902","14","1","15"
"Academy of Taiwan Information Systems Research","10.7903","753","61","814"
"The Exact Science Department, Banat's Journal of Biotechnology","10.7904","11","8","19"
"Bogdan Chmelnitskiy Melitopol State Pedagogical University","10.7905","0","0","0"
"Croatian Interdisciplinary Society","10.7906","194","11","205"
"Korean Society of Computer Information","10.9708","701","-6","695"
"The Korea Society for Simulation","10.9709","126","7","133"
"The Malacological Society of Korea","10.9710","276","30","306"
"Korean Tunnelling Association","10.9711","208","10","218"
"Korean Association for Spatial Structures","10.9712","120","-2","118"
"The Korean Institute of Chemical Engineers","10.9713","797","175","972"
"The Korea Institute of Applied Superconductivity and Cryogenics","10.9714","190","12","202"
"Korean Institute of Landscape Architecture","10.9715","249","10","259"
"The Korea Society of Information Technology Services","10.9716","185","7","192"
"Japanese Association for Oral Biology","10.2330","1290","1069","2359"
"The University of The Bahamas","10.15362","22","2","24"
"ThinkLab","10.15363","70","0","70"
"Loyola Marymount University","10.15365","387","189","576"
"Servicio de Publicaciones de la Universidad Autonoma de Madrid","10.15366","122","-23","99"
"Temple University Press","10.15367","11","1","12"
"Robert E. Kennedy Library, Cal Poly","10.15368","67","9","76"
"The Showa University Society","10.15369","140","85","225"
"Japanese Society of Oral Medicine","10.6014","52","23","75"
"Association of Perioperative Registered Nurses (AORN)","10.6015","2","0","2"
"Slovenian Medical Association","10.6016","0","0","0"
"Boston College University Libraries","10.6017","1752","289","2041"
"Servicio de Publicaciones de la Universidad de Murcia","10.6018","1028","131","1159"
"EMBL-EBI","10.6019","8","4","12"
"Interscience Place","10.6020","9","0","9"
"Center for Music Learning","10.6022","4","-1","3"
"Society of Urologic Nurses and Associates (SUNA)","10.7257","16","2","18"
"Japan Society for Clinical Anesthesia","10.2199","533","54","587"
"National Institute of Informatics (NII)","10.2201","350","138","488"
"CASRP: Center of Advanced Scientific Research and Publications","10.18869","893","417","1310"
"Laureate Education, Inc.","10.18870","89","10","99"
"Dokuz Eylul Universitesi","10.18872","1","0","1"
"Korean Society for Lacan and Contemporary Psychoanalysis","10.18873","3","0","3"
"L&H Scientific Publishing, LLC","10.5890","437","187","624"
"Japan Association of Food Preservation Scientists","10.5891","198","98","296"
"Universidade Vale do Rio Verde (UninCor)","10.5892","23","7","30"
"Global War Studies","10.5893","4","0","4"
"Associacao Portuguesa dos Recursos Hidricos (APRH)","10.5894","281","132","413"
"ARC Publications Pvt Ltd.","10.20431","49","-4","45"
"Editora Napoleao Ltda ME","10.20432","3","1","4"
"The New Korean Philosophical Association","10.20433","0","0","0"
"KNU Korean Institute of Management Consulting","10.20434","2","0","2"
"Universidade Catolica Dom Bosco","10.20435","6","1","7"
"Korean Ordo Economics Association","10.20436","2","-2","0"
"Korean Open Association for Early Childhood Education","10.20437","5","1","6"
"Biblioteca do Centro de Educacao e Saude (CES)","10.20438","0","0","0"
"Mattersburger Kreis","10.20446","146","50","196"
"Asian Educational Journal Publishing Group","10.20448","25","2","27"
"Electrical Engineering Department, Andalas University","10.20449","5","1","6"
"Society of Chemists and Technologists of Macedonia","10.20450","95","29","124"
"Towarzystwo Internistow Polskich/Polish Society of Internal Medicine","10.20452","154","35","189"
"Korean Generative Grammar Circle","10.15860","120","12","132"
"Korean Society of Special Education","10.15861","12","0","12"
"Publishing Centre Naukovedenie","10.15862","3","1","4"
"International Academy of Theoretical and Applied Sciences","10.15863","38","7","45"
"American Science and Technology Publishers Corporation","10.15864","7","0","7"
"Progress IPS","10.7813","262","40","302"
"Saint Louis University","10.7814","26","3","29"
"White Globe Publications","10.7815","135","-1","134"
"Sada Institute","10.7816","9","0","9"
"American Oriental Society","10.7817","88","-13","75"
"Asociacion Española de Ecologia Terrestre (AEET)","10.7818","139","42","181"
"FECAP Fundacao Escola de Comercio Alvares","10.7819","113","-44","69"
"Vocabulary Learning and Instruction","10.7820","21","3","24"
"University of Alicante","10.7821","86","9","95"
"Ondokuz Mayis Universitesi Egitim Fakultesi","10.7822","3","0","3"
"Revista Brasileira de Herbicidas","10.7824","284","4","288"
"Butler University, Irwin Library","10.7825","13","0","13"
"Institute for Social Research","10.7826","283","33","316"
"The Korean Academy of Tuberculosis and Respiratory Diseases (KAMJE)","10.4046","3025","692","3717"
"The Korean Academy of Prosthodontics (KAMJE)","10.4047","1957","779","2736"
"Korean Breast Cancer Society (KAMJE)","10.4048","2998","873","3871"
"Annals of Family Medicine","10.1370","23572","8685","32257"
"Politeknik Aceh Selatan","10.31572","0","0","0"
"Sekolah Tinggi Ilmu ekonomi Keuangan Perbankan dan Pembangunan (STIE KBP)","10.31575","0","0","0"
"Social Mentality And Researcher Thinkers Journal","10.31576","0","0","0"
"Central Library of the Slovak Academy of Sciences","10.31577","0","0","0"
"International Black Sea University","10.31578","0","0","0"
"Auctores Publishing LLC","10.31579","0","0","0"
"Field Museum of Natural History","10.3158","450","26","476"
"Readers Insight Publisher","10.31580","0","0","0"
"Association for Bahai Studies","10.31581","1","0","1"
"Iriss","10.31583","0","0","0"
"Faculty of Medicine Prince of Songkla University","10.31584","0","0","0"
"The British Blockchain Association","10.31585","0","0","0"
"Trends Journal of Sciences Research","10.31586","0","0","0"
"FSBEI HE Kazan SAVM after N. E. Bauman","10.31588","0","0","0"
"Journal Of Social Humanities and Administrative Sciences","10.31589","0","0","0"
"Torrey Botanical Society","10.3159","2685","870","3555"
"European Journal of Science and Technology (ID 16711)","10.31590","0","0","0"
"Islam Sanat Tarih Edebiyat ve Musıkisi Dergisi ISTEM (ID 16713)","10.31591","0","0","0"
"Ahi Evran Universitesi Sosyal Bilimler Enstitusu Dergisi (ID 16710)","10.31592","0","0","0"
"International Journal of Energy Applications and Technologies (ID 16712)","10.31593","0","0","0"
"Commagene Journal of Biology (ID 16719)","10.31594","0","0","0"
"Sekolah Tinggi Kesejahteraan Sosial (STKS) Bandung","10.31595","0","0","0"
"STIKES Cendekia Utama Kudus","10.31596","0","0","0"
"STMIK STIKOM Indonesia (ID 16718)","10.31598","0","0","0"
"Universitas Bhayangkara Jakarta Raya","10.31599","0","0","0"
"Southern California Academy of Sciences","10.3160","193","30","223"
"Institute for the History of Material Culture Russian Academy of Science","10.31600","0","0","0"
"Nova Univerza","10.31601","0","0","0"
"Universitas Muhammadiyah Magelang","10.31603","0","0","0"
"Universitas Muhamamadiyah Tapanuli Selatan","10.31604","0","0","0"
"Universitas Sulawesi Barat","10.31605","0","0","0"
"Puncta","10.31608","0","0","0"
"Fiziksel Tıp ve Rehabilitasyon Bilimleri Dergisi","10.31609","0","0","0"
"Museum and Institute of Zoology at the Polish Academy of Sciences","10.3161","8476","1566","10042"
"Caribbean Herpetology","10.31611","1","0","1"
"Tech Science Press","10.31614","1","0","1"
"LLC CARTEC","10.31615","0","0","0"
"Asian Spine Journal (ASJ) (ID 16744)","10.31616","0","0","0"
"Kyiv National University of Trade and Economics (ID 16539)","10.31617","0","0","0"
"Consulting Group Education and Science LLC","10.31618","0","0","0"
"Consejo Nacional de Educacion","10.31619","0","0","0"
"Amity University Madhya Pradesh Gwalior","10.31620","0","0","0"
"Clinical Practice in Athletic Training","10.31622","0","0","0"
"Journal Of Institute Of Economic Development And Social Researches","10.31623","0","0","0"
"Turk Kulturu Ve Haci Bektas Veli Arastırma Dergisi","10.31624","0","0","0"
"Institute of Social Sciences Soongsil University (ID 16753)","10.31625","0","0","0"
"Rendvedelem-torteneti fuzetek","10.31627","0","0","0"
"Universitas Maritim Raja Ali Haji","10.31629","0","0","0"
"Medical Library Association","10.3163","3027","607","3634"
"LLC Numicom (ID 16761)","10.31631","1","0","1"
"Dr Tarak Nath Podder Memorial Foundation (ID 16759)","10.31632","0","0","0"
"CBE Congresso Brasileiro de Educacao","10.31633","0","0","0"
"Hanyang University Global Center for Japanese Studies","10.31634","0","0","0"
"Interdisciplinar Academy of Pain Medicine","10.31636","0","0","0"
"Sinnergiak Social Innovation","10.31637","1","-1","0"
"International Journal for Pharmaceutical Research Scholars IJPRS","10.31638","0","0","0"
"The Society for Free Radical Research Japan","10.3164","8705","4332","13037"
"The Carbon Society of Japan","10.7209","829","1696","2525"
"American Academy of Insurance Medicine","10.17849","5","1","6"
"Seismological Society of America (SSA)","10.1785","57148","29063","86211"
"Geological Society of Norway","10.17850","13","2","15"
"Baikal State University","10.17150","6","-2","4"
"Universidad de Caldas","10.17151","33","1","34"
"Gazi Egitim Faukeltesi Dergisi","10.17152","0","0","0"
"Eskisehir Osmangazi University Journal of Economics and Administrative Sciences","10.17153","0","0","0"
"Applied Linguistics Association of Korea","10.17154","12","3","15"
"Journal of Sports and Performance Researches","10.17155","1","-1","0"
"Korea Evangelical Theologial Society","10.17156","0","0","0"
"Medicine Anthropology Theory","10.17157","5","-1","4"
"University of the Immaculate Conception","10.17158","3","1","4"
"Academy of Science of South Africa","10.17159","1051","422","1473"
"JOSHA, GmbH","10.17160","4","-1","3"
"Society of Biomechanisms Japan","10.3951","582","172","754"
"South Carolina Entomological Society","10.3954","293","75","368"
"Northwest Scientific Association","10.3955","1302","345","1647"
"Pacific Coast Entomological Society","10.3956","541","82","623"
"Southern African Wildlife Management Association","10.3957","1231","271","1502"
"University of Illinois Main Library","10.21900","0","0","0"
"Instituto Junguiano de Sao Paulo (IJUSP)","10.21901","0","0","0"
"International Journal of Professional Business Review","10.21902","0","0","0"
"We Ken","10.21904","1","0","1"
"Polskie Towarzystwo Teologiczne Sekcja Wydawnicza","10.21906","0","0","0"
"SIRIM Industrial Research","10.21908","0","1","1"
"Institute of Experimental Psychology","10.21909","75","20","95"
"Revista Brasileira de Sociologia do Direito","10.21910","0","0","0"
"Turkish National Society of Allergy and Clinical Immunology","10.21911","2","1","3"
"University of South Australia Library","10.21913","154","24","178"
"Beta Beta Biological Society","10.1893","180","56","236"
"Southwestern Association of Naturalists","10.1894","3075","676","3751"
"WormBook","10.1895","1613","481","2094"
"Conservation International","10.1896","1366","291","1657"
"Korea Association of the Law of Civil Procedure","10.30639","0","0","0"
"Badan Penelitian dan Pengembangan Hukum dan HAM","10.30641","0","0","0"
"STIKES Hang Tuah Surabaya","10.30643","0","0","0"
"Sekolah Tinggi Ilmu Kesehatan Harapan Ibu Jambi","10.30644","0","0","0"
"STIKOM Tunas Bangsa Pematangsiantar","10.30645","0","0","0"
"STMIK Sinar Nusantara Surakarta (ID 12088)","10.30646","0","0","0"
"Sekolah Tinggi Pariwisata Trisakti","10.30647","0","0","0"
"Sekolah Tinggi Teologi Intheos Surakarta (ID 12094)","10.30648","6","0","6"
"Universitas Hang Tuah","10.30649","0","0","0"
"Universitas Muhammadiyah Kalimantan Timur","10.30650","0","0","0"
"Universitas Muhammadiyah Surabaya (ID 12099)","10.30651","0","0","0"
"Universitas Riau","10.30652","0","0","0"
"Universitas Mathla ul Anwar Banten (ID 12105)","10.30653","0","0","0"
"Journal of Physical Education and Sports Studies","10.30655","0","0","0"
"Universitas Serang Raya","10.30656","0","0","0"
"Stowarzyszenie Menedzerow Jakosci i Produkcji (ID 12128)","10.30657","27","-2","25"
"Nicholson School of Communication, UCF","10.30658","1","0","1"
"Universitas Islam Sultan Agung","10.30659","1","1","2"
"AFinLA-e: Soveltavan kielitieteen tutkimuksia","10.30660","0","0","0"
"Alue ja Ymparisto","10.30663","0","0","0"
"Approaching Religion","10.30664","9","-1","8"
"AVAIN - Kirjallisuudentutkimuksen aikakauslehti","10.30665","0","0","0"
"Janus Sosiaalipolitiikan ja sosiaalityon tutkimuksen aikakauslehti","10.30668","0","0","0"
"Scripta Instituti Donneriani Aboensis","10.30674","1","0","1"
"Suomen Antropologi: Journal of the Finnish Anthropological Society","10.30676","0","0","0"
"FSBSI No. Caucasian FSC of Horticulture, Viticulture, and Wine Making","10.30679","0","0","0"
"Universidade do Estado do Mato Grosso - UNEMAT","10.30681","0","0","0"
"Bononia University Press","10.30682","0","1","1"
"University of Technology","10.30684","0","0","0"
"Turkish Journal of Marketing","10.30685","0","0","0"
"Mining Industry Journal (Gornay Promishlennost)","10.30686","0","0","0"
"Edizioni Ca Foscari","10.30687","2","-1","1"
"Australian and New Zealand Student Services Association Inc.","10.30688","1","0","1"
"Nordregio","10.30689","0","0","0"
"Exeliq Publishing","10.30690","0","0","0"
"Revista Eletronica Ludus Scientiae","10.30691","0","0","0"
"Stratejik ve Sosyal Arastirmalar Dergisi (ID 12142)","10.30692","0","0","0"
"Korean Institute of Smart Media","10.30693","0","0","0"
"Russian Mineralogical Society","10.30695","0","0","0"
"Results in Fixed Point Theory and Applications","10.30697","0","0","0"
"Revista Electronica de Conocimientos, Saberes y Practicas","10.30698","0","0","0"
"Farname, Inc. (ID 12159)","10.30699","2","1","3"
"STMIK Pontianak","10.30700","0","0","0"
"Professional Edition Eastern Europe (ID 12151)","10.30702","0","0","0"
"Cumhuriyet International Journal of Education (ID 12158)","10.30703","3","0","3"
"Journal of Istanbul Veterinary Sciences (ID 12154)","10.30704","0","0","0"
"Educacao Quimica en Punto de Vista","10.30705","0","0","0"
"Uygulamali Yerbilimleri Dergisi (ID 12156)","10.30706","0","0","0"
"Illinois State University","10.30707","0","1","1"
"Max Planck Institute for Foreign and International Criminal Law","10.30709","0","0","0"
"Uluslararasi Ticaret ve Ekonomi Arastirmalari Dergisi (ID 12166)","10.30711","0","0","0"
"Revista Guara","10.30712","0","0","0"
"JSC VNIIOENG","10.30713","0","0","0"
"Experimental Biomedical Research","10.30714","0","0","0"
"Doxa Revista Brasileira de Psicologia e Educacao","10.30715","0","0","0"
"The Korean Association of Women's Studies","10.30719","2","0","2"
"Ergoterapi ve Rehabilitasyon Dergisi (ID 12173)","10.30720","0","0","0"
"University of Food Technologies - Plovdiv","10.30721","0","0","0"
"Kazan State Power Engineering University (ID 12178)","10.30724","0","0","0"
"Innovative Research Developers and Publishers","10.30726","0","0","0"
"Humanist Publishing House (ID 12179)","10.30727","0","0","0"
"Bor Dergisi (ID 12171)","10.30728","0","0","0"
"Institute of Marine Geology and Geophysics of the Far East Branch of the RAS","10.30730","0","0","0"
"International Journal of Chemical and Physical Sciences (IJCPS)","10.30731","0","0","0"
"Chhattisgarh Swami Vivekanand Technical University (ID 12186)","10.30732","0","0","0"
"Selcuk Tip Dergisi","10.30733","0","0","0"
"IKIP PGRI Bojonegoro","10.30734","0","0","0"
"Universitas Islam Lamongan","10.30736","0","0","0"
"Universitas Kediri","10.30737","0","0","0"
"Universitas Sarjanawiyata Tamansiswa","10.30738","0","0","0"
"IAI Darussalam Blokagung","10.30739","0","0","0"
"Journal Kopertis 4","10.30740","0","0","0"
"STIE Widya Gama Lumajang","10.30741","0","0","0"
"Universitas Islam Sumatera Utara","10.30743","0","0","0"
"Brazilian Journal of Analytical Chemistry","10.30744","0","0","0"
"KTH Royal Institute of Technology","10.30746","0","0","0"
"Fundacja General Elzbiety Zawackiej","10.30747","0","0","0"
"Ivan Kozhedub Kharkiv National Air Force University KNAFU","10.30748","0","0","0"
"IJPBR","10.30750","12","4","16"
"Korea Fashion and Costume Design Association","10.30751","0","0","0"
"Nordisk judaistik/Scandinavian Jewish Studies","10.30752","0","0","0"
"Management Research Center (ID 12204)","10.30753","0","0","0"
"Croatian Library Association","10.30754","0","0","0"
"Faculty of Sciences, University of Novi Sad (ID 12205)","10.30755","7","2","9"
"Institute for Applied and Pure Mathematics (IMPA) (ID 12207)","10.30757","1","0","1"
"Institute of History and Archaeology of Ural Branch of Russian Academy of Science","10.30759","0","0","0"
"The Korean Society for Eco Early Childhood Education and Care","10.30761","0","0","0"
"STAIN Kediri","10.30762","0","0","0"
"Intervencion","10.30763","0","0","0"
"Russian Federal Centre of Forensic Science of the Ministry of Justice (RFCFS) (ID 12216)","10.30764","0","0","0"
"Faculty of Engineering, University of Rijeka","10.30765","0","0","0"
"Vasundara Groups","10.22413","0","0","0"
"Institute for Russian, East European, and Eurasian Studies","10.22414","78","0","78"
"The Korean-Chinese Society of Law","10.22415","2","1","3"
"Russian Gastroenterolgocial Society (ID 9705)","10.22416","4","0","4"
"The Institute for Social Science Research, Kyungpook National University","10.22417","2","0","2"
"Institute of Social Science, Gangwon University","10.22418","2","0","2"
"Confederacao Nacional dos Trabalhadores em Educacao (CNTE)","10.22420","1","0","1"
"Instituto de Estudos em Saude Coletiva - INESCO","10.22421","5","-2","3"
"Revista Temporalis","10.22422","4","0","4"
"Konkuk Research Institute of Real Estate and Urban Studies","10.22423","0","0","0"
"Korean Society of Milk Science and Biotechnology","10.22424","8","1","9"
"Sejong University Language Research Institute","10.22425","60","63","123"
"Australian Counselling Association, Inc.","10.22426","0","0","0"
"NIEHS","10.22427","0","1","1"
"Editorial de la Universidad de Cantabria","10.22429","4","0","4"
"Instituto Tecnologico Metropolitano (ITM)","10.22430","28","4","32"
"Escuela Superior de Administracion Publica","10.22431","4","2","6"
"Fundacja Pedagogium","10.22432","0","0","0"
"Canadian Journal of Nutrition","10.22433","0","0","0"
"Badan Penelitian dan Pengembangan Kesehatan","10.22435","10","0","10"
"International Scientific Research Publications MY SDN. BHD.","10.22436","819","159","978"
"Faculty of Education and Teacher Training, Jambi University","10.22437","0","0","0"
"Triveni Enterprises","10.22438","31","10","41"
"Copenhagen Business School","10.22439","971","182","1153"
"WERI Education Research Development Printing Publication, Ltd.","10.22440","3","0","3"
"Universitas Mercu Buana","10.22441","5","2","7"
"Journal of Liaquat University of Medical and Health Sciences (JLUMHS)","10.22442","36","0","36"
"Royal Microscopical Society","10.22443","15","8","23"
"Information Bulletin on Variable Stars (IBVS)","10.22444","3","0","3"
"BSNV College Lucknow","10.22445","0","0","0"
"Multiculture and Peace Institute","10.22446","22","3","25"
"Asian Trade Association","10.22447","0","0","0"
"Amur State Medical Academy","10.22448","0","0","0"
"FSBSI MHI (ID 9737)","10.22449","5","2","7"
"Escuela de Postgrado Neumann","10.22451","1","0","1"
"Fundacao Pedro Leopoldo - Revista Gestao and Tecnologia","10.20397","3","0","3"
"Journal of Surgical and Clinical Research","10.20398","17","9","26"
"Agora FIlosofica","10.20399","1","-1","0"
"Revista de Teologia e Ciencias da Religiao da UNICAP","10.20400","0","0","0"
"Programa de Pos Graduacao em Administracao da UFF/VR","10.20401","0","0","0"
"Korea Institute for Skin and Clinical Sciences","10.20402","54","0","54"
"Siberian Research Institute of Geology, Geophysics and Mineral Resources","10.20403","0","0","0"
"The Center for Japanese Studies","10.20404","0","0","0"
"The Association for Korean Linguistics","10.20405","1","0","1"
"Psychological Association of Culture and Social Issues","10.20406","11","0","11"
"The Korean Society of Traumatology (ID 8308)","10.20408","12","1","13"
"Business and Economics Research Journal","10.20409","19","2","21"
"International Study of Religion in Eastern and Central Europe Association","10.20413","3","0","3"
"State Islamic University (UIN) Mataram","10.20414","3","1","4"
"Electric","10.20415","22","0","22"
"Societe de Philosophie des Sciences","10.20416","5","0","5"
"New Zealand Ecological Society","10.20417","136","11","147"
"SoftQ Sp. z.o.o.","10.20418","0","1","1"
"Drustvo psihologov Slovenije/Slovenian Psychologists' Association (ID 8435)","10.20419","13","0","13"
"Universidad de Las Palmas de Gran Canaria","10.20420","1","0","1"
"Weil Cornell Medicine-Qatar","10.20421","2","0","2"
"BPPKI Bandung - Kementerian Komunikasi Dan Informatika RI","10.20422","3","0","3"
"Revista Internacional de Folkcomunicacao","10.20423","0","0","0"
"Brazilian Journal of International Relations","10.20424","7","0","7"
"International Society of Tea Science","10.20425","0","0","0"
"Paralellus Revista de Estudos Religioso","10.20426","0","0","0"
"Hacettepe University Journal of Turkish Studies","10.20427","0","0","0"
"University of Science and Technology, Yemen","10.20428","4","2","6"
"Georgia Southern University","10.20429","876","75","951"
"Fondo de Cultura Economica","10.20430","54","35","89"
"National Information Standards Organization (NISO)","10.3789","199","32","231"
"Japan Society of Health Psychology","10.11560","185","37","222"
"Chimera Innova Group","10.11565","7","0","7"
"Chattagram Maa-O-Shishu Hospital Medical College","10.11566","5","0","5"
"Institut Za Migracije I Narodnosti (Institute for Migration and Ethnic Studies)","10.11567","12","3","15"
"The Kangwon-Kyungki Mathematical Society","10.11568","91","14","105"
"Centre for Postgraduate Studies","10.14239","9","0","9"
"Polskie Towarzystwo Geologiczne - Polish Geological Society","10.14241","16","2","18"
"Associacao Medica de Brasilia","10.14242","2","2","4"
"Japan Society of Applied Electromagnetics and Mechanics","10.14243","67","10","77"
"FAI-UFSCar","10.14244","17","0","17"
"The Korean Spinal Neurosurgery Society","10.14245","509","158","667"
"International Community of Spatial Planning and Sustainable Development","10.14246","135","33","168"
"International Association of Lowland Technology","10.14247","20","12","32"
"The Korean Society of Systems Engineering","10.14248","16","1","17"
"Korean Society of Environmental Impact Assessment","10.14249","120","7","127"
"Japan Cement Association","10.14250","44","47","91"
"Crisis and Emergency Management: Theory and Praxis","10.14251","10","0","10"
"Food Safety Commission, Cabinet Office","10.14252","48","31","79"
"The Korean Society of Clinical Neurophysiology (KAMJE)","10.14253","11","1","12"
"Centre of Sociological Research, NGO","10.14254","378","35","413"
"Kherson State University","10.14255","16","2","18"
"Croatian Association of Civil Engineers","10.14256","36","0","36"
"Open Publishing Association (ID 2720)","10.4204","2614","139","2753"
"Sistema de Bibliotecas UACH","10.4206","678","314","992"
"Paleoanthropology Society","10.4207","97","65","162"
"Kelam Arastirmalari Dergisi (Journal of Kalam Studies)","10.18317","1","0","1"
"Instytut Badan Literackich PAN/The Institute of Literary Research PAS","10.18318","1","-1","0"
"Developing Country Think Tank Institute Ltd.","10.18319","0","0","0"
"VXL Publishers","10.18320","2","1","3"
"Institute of Combustion Problems","10.18321","171","144","315"
"Pozhnauka Publishing House","10.18322","2","0","2"
"Togliatti State University","10.18323","7","-2","5"
"Bratsk State University","10.18324","4","1","5"
"The Society of Korean Medicine Rehabilitation (ID 7658)","10.18325","103","11","114"
"IAIN Salatiga","10.18326","7","0","7"
"Center for International Area Studies, HUFS","10.18327","53","3","56"
"PLURA - Revista de Estudos de Religiao","10.18328","1","-1","0"
"The Energy and Resources Institute","10.18329","1","0","1"
"Balai Penelitian Kehutanan Makassar (Forestry Research Institute of Makassar)","10.18330","8","1","9"
"Greenwave Publishing of Canada","10.18331","511","510","1021"
"E.U. European Publishing","10.18332","65","6","71"
"Korean Association for Public Administration","10.18333","4","0","4"
"BIBLIO-GLOBUS Publishing House","10.18334","24","-2","22"
"European Regional Science Association","10.18335","40","12","52"
"The Korean Society of Veterinary Science (KAMJE)","10.4142","3833","1559","5392"
"IMA Press, LLC","10.14412","247","0","247"
"STIE Perbanas Surabaya","10.14414","25","2","27"
"Gradevinski Fakultet Subotica/Faculty of Civil Engineering Subotica","10.14415","2","0","2"
"King Mongkut's University of Technology North Bangkok","10.14416","76","-5","71"
"ISPA - Instituto Universitario","10.14417","119","9","128"
"The World Academic Publishing","10.5963","424","3","427"
"Leibniz-Institute for Psychology Information (ZPID) (ID 1941)","10.5964","2094","308","2402"
"Universidade do Estado de Santa Catarina","10.5965","101","-22","79"
"The Korean Academic Society of Nursing Education","10.5977","2193","72","2265"
"International Phototherapy Association","10.5978","2043","374","2417"
"American Association on Intellectual and Developmental Disabilities (AAIDD)","10.1352","23587","4999","28586"
"Universidade Federal de Pelotas","10.15210","6","-1","5"
"Institute of Europe, Russian Academy of Sciences (IERAS)","10.15211","1","-1","0"
"J. Michael Ryan Publishing","10.12678","189","94","283"
"Romanian Association of Balneology","10.12680","9","2","11"
"Japanese Society of Sport Education","10.7219","31","-10","21"
"Vytautas Magnus University","10.7220","70","4","74"
"Japan Society of Health Support Science","10.7223","50","14","64"
"Consortium of Multiple Sclerosis Centers","10.7224","1505","472","1977"
"Faculty of Maritime Studies Split","10.7225","22","28","50"
"Department of Forest Management (ID 4253)","10.7226","32","12","44"
"Korean Society for Parasitology","10.3347","8424","7986","16410"
"Journal of Clinical and Analytical Medicine","10.4328","101","53","154"
"The Korean Society of Health Policy and Administration","10.4332","674","49","723"
"Korea Concrete Institute","10.4334","2042","236","2278"
"Institut Za Lokalno Samoupravo in Javna Narocila Maribor","10.4335","79","11","90"
"Embrapa Florestas","10.4336","377","37","414"
"Scientific Technical Centre TATA, Limited Company","10.15518","22","9","31"
"The Center for Asia and Diaspora","10.15519","0","0","0"
"Innovative Journal","10.15520","6","0","6"
"Korean Societ of Medical History","10.15521","1","0","1"
"Korean Academy of Esthetic Dentistry","10.15522","3","0","3"
"Korean Society of Earth Science Education","10.15523","36","0","36"
"Korean Society of Alcohol Science","10.15524","12","0","12"
"European Journal of Research on Social Studies","10.15526","1","1","2"
"European Journal of Research on Education","10.15527","8","7","15"
"Revista Cientifica de Producao Animal","10.15528","27","2","29"
"Todas as Letras: Revista de Lingua e Literatura","10.15529","1","0","1"
"Societa Geologica Italiana","10.3301","529","269","798"
"National Institute for Health Research","10.3310","25153","9610","34763"
"Periodica Polytechnica Budapest University of Technology and Economics","10.3311","1124","695","1819"
"International Council for Traditional Music","10.5921","49","0","49"
"Immanuel Kant Baltic Federal University","10.5922","70","-5","65"
"Scientific and Academic Publishing","10.5923","4334","1519","5853"
"Japanese Society of Animal Breeding and Genetics","10.5924","81","18","99"
"The Vitamin Society of Japan","10.5925","806","1218","2024"
"Japan Society for Head and Neck Surgery","10.5106","115","25","140"
"Japan Society of Cosmetic Chemists of Japan","10.5107","398","270","668"
"Japan Academic Collaborations Medical Society","10.5108","27","3","30"
"Kyushu University","10.5109","0","1","1"
"Japan Society of Engineering Geology","10.5110,10.4263","858","359","1217"
"The Spectroscopical Society of Japan","10.5111","525","580","1105"
"Council on Tall Building and Urban Habitat Korea","10.21022","18","5","23"
"Korea Money and Finance Association","10.21023","1","-1","0"
"Pusan National University Educational Development Institute","10.21024","3","1","4"
"Korean Association for Local Government Studies","10.21026","13","3","16"
"The Society of Korean Historical Manuscripts","10.21027","85","0","85"
"Ilustre Colegio de Geologos (ICOG)","10.21028","0","0","0"
"Agrar- es Kornyezetjog (Journal of Agricultural and Environmental Law)","10.21029","0","0","0"
"Anyanyelv-pedagogia","10.21030","0","0","0"
"Egitimde ve Psikolojide Olcme ve Degerlendirme Dergisi","10.21031","0","0","0"
"The Korean Society of Health Informatics and Statistics","10.21032","34","1","35"
"Federal Reserve Bank of Chicago","10.21033","0","0","0"
"Federal Reserve Bank of Minneapolis","10.21034","0","0","0"
"ARC Publishing","10.21035","28","8","36"
"Latest Thinking, GmbH","10.21036","0","0","0"
"Whioce Publishing Pte Ltd","10.18063","249","123","372"
"Korean Academy of Sensory Integration","10.18064","6","0","6"
"Instituto de Treinamento e Pesquisa em Gestalt Terapia","10.18065","2","0","2"
"UNIVAP Universidade de Vale do Paraiba","10.18066","9","0","9"
"Instituto Federal do Amapa","10.18067","8","3","11"
"Associacao Convergir Sustentavel","10.18068","0","0","0"
"Firat Universitesi Sosyal Bilimler Dergisi","10.18069","1","0","1"
"Erciyes University Journal of Faculty of Economics and Administrative Sciences","10.18070","0","0","0"
"Ideggyogyaszati Szemle Journal","10.18071","24","7","31"
"Pan American Journal of Medical Thermology","10.18073","44","-26","18"
"Cankiri Karatekin Universitesi Iktisadi ve Idari Bilimler Fakultesi Dergisi","10.18074","1","0","1"
"The Association of Japanology in East Asia","10.18075","3","0","3"
"Institute of Chinese Studies, Hankuk University of Foreign Studies","10.18077","8","1","9"
"American Studies Institute","10.18078","6","0","6"
"Telecommunications Association Inc.","10.18080","28","2","30"
"BM-Publisher American Journal of BioMedicine","10.18081","9","2","11"
"Ivanovo State University","10.18083","15","3","18"
"The Association of Baccalaureate Social Work Program Directors, Inc.","10.18084","30","-4","26"
"Journal of Latino/Latin American Studies","10.18085","153","8","161"
"International Solar Energy Society (ISES)","10.18086","82","260","342"
"APO Society of Specialists in Heart Failure","10.18087","19","1","20"
"French Sciences Publishing Group","10.18088","55","14","69"
"School of Management, Hospitality and Tourism, University of the Algarve","10.18089","48","15","63"
"SMS Institute of Technology","10.18090","5","2","7"
"Babasaheb Bhimrao Ambedkar University","10.18091","4","3","7"
"International Journal of Economics and Administrative Studies","10.18092","1","1","2"
"Scientific and Practical Reviewed Journal Pulmonology","10.18093","56","-1","55"
"Selcuk Iletisim","10.18094","0","0","0"
"The Korean Nutrition Society and The Korean Society of Community Nutrition (KAMJE)","10.4162","4564","1373","5937"
"The Korean Nutrition Society (KAMJE)","10.4163","1796","61","1857"
"The Society of Powder Technology, Japan","10.4164","1447","1588","3035"
"The Kansai Plant Protection Society","10.4165","234","31","265"
"Kafkas University","10.9775","91","0","91"
"iSchools","10.9776","86","4","90"
"Pamukkale University Journal of Education","10.9779","3","0","3"
"Laxmi Book Publication","10.9780","13","2","15"
"IMAI Software - International Journal of Interactive Multimedia and Artificial Intelligence","10.9781","409","87","496"
"Division of International Special Education and Services (DISES)","10.9782","73","2","75"
"Recent Science Publications","10.12817","1","1","2"
"Revista da Faculdade de Direito da UFMG","10.12818","0","1","1"
"Revista FSA","10.12819","16","4","20"
"Brazilian Society of Physical Activity and Health","10.12820","125","33","158"
"Libyan International Medical University","10.21502","2","1","3"
"Universidad Alas Peruanas S.A.","10.21503","3","1","4"
"Rhodes University","10.21504","153","11","164"
"Ponte Academic Journal","10.21506","122","-88","34"
"The National Academy of Pediatric Science and Innovation (ID 8949)","10.21508","0","0","0"
"Korea Youth Research Association","10.21509","48","3","51"
"Passagens","10.15175","0","0","0"
"Institute of Ethnology and Folklore Research","10.15176","29","-2","27"
"Hrvatski Sumarski Institut (Croatian Forest Research)","10.15177","71","19","90"
"Forum Internacional de Comunicacion y Relaciones Publicas - FORUM XXI","10.15178","26","-1","25"
"The Institute of Economics, Zagreb","10.15179","19","-2","17"
"Human Factors and Ergonomics Society","10.1518","29048","10034","39082"
"The Science Museum","10.15180","2","1","3"
"Klaipeda University Press","10.15181","57","5","62"
"Spirituality, Leadership and Management, Inc.","10.15183","20","0","20"
"Antiquity Publications (ID 5856)","10.15184","812","293","1105"
"Forschungsinstitut zur Zukunft der Arbeit GmbH","10.15185","128","-5","123"
"Institute of Korean Cultural Studies Yeungnam University","10.15186","0","0","0"
"Korean Society of Design Science","10.15187","13","2","15"
"Korean Society of Oriental Pathology","10.15188","76","10","86"
"Turan-Sam","10.15189","0","0","0"
"University Nove de Julho","10.5585","416","-43","373"
"Polish Botanical Society","10.5586","7096","3725","10821"
"International Union Against Tuberculosis and Lung Disease","10.5588","9916","3010","12926"
"Institute of Food Technology","10.4260","307","60","367"
"Electric Furnace Steel Forum","10.4262","510","177","687"
"The Nihon University Medical Association","10.4264","46","8","54"
"The Society for Antibacterial and Antifungal Agents, Japan","10.4265","1326","697","2023"
"The Korean Society of Critical Care Medicine","10.4266","269","32","301"
"Universite de Sherbrooke","10.17118","13","-1","12"
"The Japanese Society of Ryodoraku Medicine","10.17119","11","0","11"
"Ondokuz Mayis University Review of the Faculty of Divinity","10.17120","0","0","0"
"Editora Letra1","10.21826","7","0","7"
"University of Groningen Press","10.21827","0","0","0"
"TI Journals","10.21828","6","6","12"
"Instituto de Ecologia, A.C.","10.21829","1055","657","1712"
"Zaporizhzhia National Technical University","10.15588","25","0","25"
"Admiral Makarov National University of Shipbuilding","10.15589","4","0","4"
"Cartography and Geographic Information Society (CaGIS)","10.1559","7769","2516","10285"
"Asian Business Consortium","10.15590","28","11","39"
"Medicinos Mintis (ID 6217)","10.15591","7","1","8"
"Fundacion Universidad de Oviedo","10.15592","30","0","30"
"Dong-Bang Korean Chinese Literature Society","10.17293","0","0","0"
"Aurora Health Care, Inc.","10.17294","58","17","75"
"Dogu Cografya Dergisi","10.17295","4","1","5"
"The Korean Society of Bilingualism","10.17296","2","0","2"
"Journal of the Research Society of Language and Literature","10.17297","18","7","25"
"Korean International Economic Association","10.17298","22","2","24"
"The Society of Eastern Philosophy","10.17299","2","1","3"
"Association of Dongak Art History","10.17300","0","1","1"
"Theological Forum","10.17301","9","1","10"
"Arc Humanities Press","10.17302","2","0","2"
"JScholar","10.17303","22","4","26"
"Indonesian Journal of International Law","10.17304","0","0","0"
"Association of Basic Medical Sciences of FBIH","10.17305","466","176","642"
"Uniwersytet Przyrodniczy w Poznaniu (Poznan University of Life Sciences)","10.17306","299","128","427"
"Wisconsin Space Grant Consortium","10.17307","5","1","6"
"Voronezh State University","10.17308","0","0","0"
"LLC OVS (ID 7080)","10.17309","1","0","1"
"National Tax Association","10.17310","4871","1680","6551"
"Science International","10.17311","66","41","107"
"Harrington Park Press","10.17312","47","0","47"
"Journal of Korean Language Education","10.17313","0","0","0"
"Japanese Language and Culture Association of Korea","10.17314","1","0","1"
"Korean Health Psychological Association","10.17315","529","41","570"
"Korean Association of Feminist Philosophers","10.17316","8","1","9"
"The Korea Society for Educational Law","10.17317","8","8","16"
"The Korean Society for the Study of Anthropology of Education","10.17318","38","5","43"
"The Society of Korean Classical Literature Education","10.17319","0","1","1"
"Revista Brasileira de Hematologia e Hemoterapia (RBHH)","10.5581","718","272","990"
"International Research and Cooperation Association for Bio & Socio-Sciences Advancement (IRCA-BSSA)","10.5582","2465","1018","3483"
"Proteomass","10.5584","63","25","88"
"Japanese Association of Inorganic Phosphorus Chemistry","10.3363","863","581","1444"
"The Korean Institute of Metals and Materials","10.3365","2002","1202","3204"
"Korea Distribution Association","10.17657","1","0","1"
"Paul Mellon Centre for Studies in British Art","10.17658","0","1","1"
"Journal of Case Reports","10.17659","87","10","97"
"The Society for Teaching English through Media","10.16875","86","8","94"
"Korean Language Research Circle","10.16876","2","0","2"
"The Korean Society for Dance Studies","10.16877","35","-9","26"
"Galatasaray Universitesi Iletisim","10.16878","0","0","0"
"The Korean Cartographic Association","10.16879","9","0","9"
"The Study of the Eastern Classic","10.16880","0","0","0"
"Institute of Social Sciences, Chungnam National University","10.16881","32","3","35"
"Derim","10.16882","3","0","3"
"Korean Society for Rehabilitation of Persons with Disabilities","10.16884","19","0","19"
"Society of Korean Traditional Costume","10.16885","23","2","25"
"Agricultural University of Iceland","10.16886","16","3","19"
"FIEP Bulletin Online","10.16887","0","0","0"
"Centro Interdisciplinario de Investigaciones en Psicologia Matematic","10.16888","13","1","14"
"Isomer Design","10.16889","0","0","0"
"Tribunal Permanente de Revisao do MERCOSUL","10.16890","0","0","0"
"Revista Interfaces: Saude, Humanas e Technologia","10.16891","1","0","1"
"International Association for Buddhist Thought and Culture","10.16893","4","0","4"
"Journal of Western History","10.16894","0","0","0"
"The Korean Association of Catholic Philosophers","10.16895","2","0","2"
"Korean Isabu Society","10.16897","0","0","0"
"Cagdas Tip Dergisi: Journal of Contemporary Medicine","10.16899","3","0","3"
"Society of Onji Studies","10.16900","0","0","0"
"Association of Western Art History","10.16901","1","0","1"
"Korean Historical Society","10.16912","1","0","1"
"Korean Association for Advertising and Public Relations","10.16914","2","1","3"
"Korean Physical Education Association for Women","10.16915","25","1","26"
"Ana Dili Egitimi Dergisi ADED","10.16916","2","1","3"
"Turkish Journal of Sociology","10.16917","2","0","2"
"Balkan Libraries Union","10.16918","1","0","1"
"Bozok Tip Dergisi","10.16919","1","0","1"
"Rajarambapu Institute of Technology","10.16920","35","2","37"
"CIESPAL","10.16921","7","1","8"
"University of Wales Press/Gwasg Prifysgol Cymru","10.16922","26","1","27"
"Sociedade Brasileira de Bioquimica e Biologia Molecular - SBBq","10.16923","7","0","7"
"Revista de Ingenieria","10.16924","8","2","10"
"Universidad Cooperativa de Colombia- UCC","10.16925","26","2","28"
"Uniwersytet Humanistyczno-Przyrodniczy im. Jana Dlugosza w Czestochowie","10.16926","11","-1","10"
"PIDCC- Revista em Propriedade Intelectual - Direito Contemporaneo e Constituicao","10.16928","33","-31","2"
"Statistics and Probability African Society (SPAS)","10.16929","11","2","13"
"Association of Economists and Managers of the Balkans - Udekom Balkan","10.31410","0","0","0"
"Nottingham Contemporary","10.31411","0","0","0"
"Academia Nacional de Policia","10.31412","0","0","0"
"Nativa","10.31413","0","0","0"
"Fundaco Educaional Inaciana Pe Saboia De Medeiros","10.31414","0","0","0"
"Brazilian Journal of Natural Sciences","10.31415","0","0","0"
"Instituto Federal do Amazonas","10.31417","0","0","0"
"Revista da ABPN","10.31418","0","0","0"
"Boletim do Museu de Geociencias da Amazonia","10.31419","0","0","0"
"Improbable Research Inc.","10.3142","19","6","25"
"Uakari","10.31420","2","2","4"
"International Computer Science and Engineering Society (ICSES)","10.31424","0","0","0"
"International Journal of Advanced Multidisciplinary Scientific Research (IJAMSR)","10.31426","0","0","0"
"Unijourn Publisher","10.31427","0","0","0"
"Kuban State University","10.31429","0","0","0"
"Society of Cosmetic Scientists of Korea","10.15230","144","10","154"
"The Korean Society of Combustion","10.15231","38","4","42"
"American Registry of Professional Animal Scientists","10.15232","952","352","1304"
"Department of Geophysics, Faculty of Science, University of Zagreb","10.15233","23","8","31"
"Pan-American Association of Ophthalmology","10.15234","0","0","0"
"The East Asian Association of International Studies","10.15235","6","0","6"
"Korean Academy of Preventive Dentistry","10.15236","16","4","20"
"Association of Food Technology, Turkey","10.15237","8","3","11"
"Turkish Journal of Islamic Economists","10.15238","3","1","4"
"Cambria Press","10.15239","2","0","2"
"Institute of Aeronautics and Space (ID 2953)","10.5028","532","180","712"
"Business History Society of Japan","10.5029","34","7","41"
"Japan Chapter of International Geosynthetics Society","10.5030","83","41","124"
"RIA","10.5031","4","3","7"
"American Association for Agricultural Education","10.5032","1744","162","1906"
"International Free and Open Source Software Law Review","10.5033","28","4","32"
"Association D'Etudes De La Culture Francaise Et Des Arts En France","10.21651","13","3","16"
"Korean Association of Southeast Asian Studies","10.21652","19","7","26"
"Turkish Journal of Physiotherapy and Rehabilitation","10.21653","1","0","1"
"Dongnam Journal of Korean Language and Literature","10.21654","0","0","0"
"Applied Mathematics and Mechanics","10.21656","1","0","1"
"Soil Water Journal","10.21657","3","0","3"
"Aesthetics Media Services","10.21659","9","1","10"
"IM Publications Open LLP","10.1255","14219","11030","25249"
"Association of Reptilian and Amphibian Veterinarians (ARAV)","10.5818","209","107","316"
"Centers for American Indian and Alaska Native Health","10.5820","1636","307","1943"
"Iniciativa Digital Politecnica","10.5821","19","0","19"
"Japanese Association for Russian and East European Studies","10.5823","1","2","3"
"AJIT - E Academic Journal of Information Technology","10.5824","13","-2","11"
"Derm101.com","10.5826","360","139","499"
"International Digital Organization for Scientific Information (IDOSI)","10.5829","289","134","423"
"Revista Mexicana de Ingenieria Biomedica","10.17488","4","1","5"
"Sanat Tasarim Dergisi","10.17490","0","0","0"
"Geological Society of India","10.17491","8","-2","6"
"Journal Press India","10.17492","2","0","2"
"Nitte Management Review","10.17493","0","0","0"
"Eskisehir Osmangazi University Journal of Social Sciences","10.17494","0","0","0"
"The East Asian Society of Dietary Life","10.17495","193","1","194"
"Yonsei University College of Medicine","10.17496","31","2","33"
"Turkish History Education Journal","10.17497","0","0","0"
"Dergi Karadeniz","10.17498","1","0","1"
"Journal of Social Studies Education Research","10.17499","7","4","11"
"The International Institute of Knowledge Management, Pvt, Ltd.","10.17501","0","0","0"
"Methaodos.revista de ciencias sociales","10.17502","4","0","4"
"Agrivita, Journal of Agricultural Science (AJAS)","10.17503","58","10","68"
"ZappyLab, Inc.","10.17504","19","6","25"
"Lundh Research Foundation","10.17505","87","16","103"
"Institute of Philosophy and Law, Ural Branch of the RAS","10.17506","0","0","0"
"Kitakanto Medical Society","10.2974","273","85","358"
"Center for Psychiatric Rehabilitation","10.2975","6334","1605","7939"
"Research Institute for Mathematical Sciences, Kyoto University","10.2977","6694","5761","12455"
"Society of Advanced Science","10.2978","352","133","485"
"UPT Penerbitan Universitas Jember","10.19184","7","0","7"
"Sciencematters","10.19185","22","15","37"
"Peperosso","10.19198","0","0","0"
"Institute for Fiscal Studies","10.1920","423","360","783"
"Whiting & Birch, Ltd.","10.1921","642","58","700"
"PuntoOrg","10.19245","0","0","0"
"Institute of Chemistry of Academy of Science of Moldova","10.19261","65","-8","57"
"ALIES","10.19277","46","-27","19"
"Nova Explore Publications Inc.","10.20286","86","24","110"
"Universidade da Beira Interior","10.20287","0","0","0"
"Institute of Chinese Study Pusan National University","10.20288","1","1","2"
"The Journal of Ege University Faculty of Agriculture","10.20289","2","1","3"
"Anadolu University Journal of Science and Technology – B Theoretical Sciences","10.20290","0","0","0"
"Ural State University of Railway Transport (USURT)","10.20291","13","3","16"
"Central Institute of Cultural Heritage","10.20292","0","0","0"
"Korean Philosophical Society","10.20293","0","0","0"
"International Academy of Global Business and Trade","10.20294","0","0","0"
"Petersburg State Transport University","10.20295","2","1","3"
"Turkiye Sosyal Arastirmalar Dergisi","10.20296","0","0","0"
"The Korean Academy of Scientific Criminal Investigation","10.20297","0","0","0"
"Neva Electromagnetics, LLC","10.20298","0","0","0"
"NAPICU (National Association of Psychiatric Intensive Care Units)","10.20299","7","2","9"
"Croatian Natural History Museum","10.20302","19","2","21"
"Humanitas Uluslararasi Sosyal Bilimler Dergisi","10.20304","0","0","0"
"Korean Society of Interpretation and Translation Studies","10.20305","0","0","0"
"Korean Comparative Education Society","10.20306","0","0","0"
"The Korean Society of Pharmacognosy (KAMJE)","10.20307","72","49","121"
"European Journal of Physics Education","10.20308","21","2","23"
"Journal of Data and Information Science","10.20309","20","-1","19"
"Tambov State University - G.R. Derzhavin (ID 8278)","10.20310","11","2","13"
"Statisztikai Szemle","10.20311","8","-3","5"
"Dimenziok: matematikai kozlemenyek","10.20312","0","0","0"
"Australian Literary Studies","10.20314","30","0","30"
"Gobierno de Navarra","10.23938","0","0","0"
"Lviv Polytechnic National University (ID 10026)","10.23939","119","11","130"
"Totem Publisher, Inc.","10.23940","18","7","25"
"Erasmus Journal for Philosophy and Economics","10.23941","141","18","159"
"International Society of Histology & Cytology","10.1679","12267","12197","24464"
"University of Bohol","10.15631","0","0","0"
"Polish Society of Theoretical and Applied Mechanics","10.15632","279","138","417"
"Pontifical University of John Paul II in Krakow","10.15633","5","1","6"
"Medical Review Co, Ltd.","10.15634","2","0","2"
"The Journal of Dental Panacea","10.15636","0","0","0"
"Journal of Life Economics","10.15637","6","3","9"
"Teflin Journal","10.15639","10","0","10"
"Research Information Ltd.","10.1564","931","388","1319"
"American Research Institute for Policy Development","10.15640","290","10","300"
"University of Cape Town","10.15641","0","1","1"
"State Islamic University (UIN) of Sunan Ampel","10.15642","30","4","34"
"Sotsial no-Gumanitarnoe Znanie Publishing House","10.15643","6","0","6"
"University of Zagreb School of Dental Medicine","10.15644","81","14","95"
"University of Almeria Ed de Universidades Lectoras","10.15645","4","-2","2"
"Universidad Del Atlantico","10.15648","1","0","1"
"Universidad de Santander - UDES","10.15649","16","7","23"
"Hebrew Union College Press","10.15650","0","0","0"
"Societa Editrice Esculapio","10.15651","30","27","57"
"Korea Association of Law and Politics","10.17926","4","2","6"
"The Korean Association of Educational Methodology Studies","10.17927","38","-11","27"
"Japanese Association for Digital Humanities","10.17928","3","0","3"
"The Japanese Society for Quality Control","10.17929","4","4","8"
"Initia Via Editora Ltda","10.17931","1","0","1"
"Istanbul Aydin University","10.17932","3","1","4"
"Badan Litbang SDM Kementerian Komunikasi dan Informatika","10.17933","9","1","10"
"Army Military History Institute","10.17934","1","0","1"
"China Research Center","10.17935","8","3","11"
"Pan-Korea English Teachers Association","10.17936","80","16","96"
"21st Century Political Science Association","10.17937","21","3","24"
"The Learned Society of Korean Drama and Theatre","10.17938","1","0","1"
"Honam Institute of Humanities and Social Sciences","10.17939","8","0","8"
"Endoscopy Gastrointestinal","10.17940","0","0","0"
"Turkish Journal of Academic Gastroenterology","10.17941","1","0","1"
"Jurnal of Continuing Medical Education","10.17942","0","0","0"
"Education Technology Theory and Practice","10.17943","5","0","5"
"The Medical Journal of Mustafa Kemal University","10.17944","2","0","2"
"The Korean Society of Blood Transfusion (ID 7308)","10.17945","42","-2","40"
"Korean Society of Radiological Science","10.17946","24","1","25"
"Korean Film Association","10.17947","0","0","0"
"Research Institute of Korean Studies","10.17948","1","1","2"
"The Association of North-East Asian Cultures","10.17949","56","5","61"
"Innovative Research Publications","10.17950","189","53","242"
"Uniwersytetu Marii Curie-Sklodowskiej w Lublinie","10.17951","25","5","30"
"Prompt Scientific Publishing","10.17952","1","4","5"
"Fundacion Cinde","10.11600","35","-6","29"
"International Science and Engineering Society","10.11601","50","6","56"
"Faculdade Independente do Nordeste","10.11602","0","0","0"
"Ternopil State Medical University","10.11603","7","0","7"
"Instituto Estudios Fiscales","10.7866","27","4","31"
"Fundacao Universidade Regional de Blumenau","10.7867","122","-55","67"
"The Korean Association of Peace Studies","10.14363","8","-1","7"
"The T.S. Eliot Society of Korea","10.14364","0","0","0"
"The Korean Academy of International Business","10.14365","6","0","6"
"Korean Society of Ultrasound in Medicine","10.14366","768","214","982"
"Korean Society for Health Education and Promotion","10.14367","119","3","122"
"Korean Academy of Stomatognathic Function and Occlusion (ID 5479)","10.14368","29","3","32"
"The Society of Korean Medical Classics","10.14369","48","2","50"
"East-West Nursing Research Institute","10.14370","132","2","134"
"Korean Society for Quality in Health Care","10.14371","8","-2","6"
"Institute of Embedded Engineering of Korea","10.14372","67","0","67"
"The Korea Dietetic Association","10.14373","314","6","320"
"The Korean Academy of Oriental Medicine Prescription","10.14374","82","3","85"
"Numerique Premium","10.14375","2645","63","2708"
"The Korean Society for Literature and Religion","10.14376","0","0","0"
"Korea Advertising Society","10.14377","63","5","68"
"Korean Association for Chinese Studies","10.14378","2","-1","1"
"Center for Arts Studies","10.14380","0","0","0"
"The Nammyonghak Studies Institute","10.14381","0","0","0"
"SZTE Hungarian Scientific Society of the Silicate Industry","10.14382","266","14","280"
"Konkuk University Climate Research Institute","10.14383","36","3","39"
"The Korean Association of Language Sciences","10.14384","3","0","3"
"Korean Society of Sport Psychology","10.14385","47","3","50"
"The Korea Society for Innovation Management and Economics","10.14386","0","0","0"
"The Korean Society for Practical Theology","10.14387","6","0","6"
"Japanese Society of Anxiety Disorders","10.14389","7","3","10"
"Japan Society for the Study of Hypertension in Pregnancy","10.14390","124","23","147"
"Asian Society of Human Services","10.14391","31","2","33"
"Science Society of Thailand - Mahidol University","10.2306","3168","2198","5366"
"Journal of Limnology and Freshwater Fisheries Research","10.17216","12","3","15"
"Kamchatka State Technical University","10.17217","4","0","4"
"Hitit Universitesi Sosyal Bilimler Ensitusu Dergisi","10.17218","1","0","1"
"Wroclaw Medical University","10.17219","1063","366","1429"
"Kiperonline Academic","10.17220","15","2","17"
"Canadian Mathematical Society","10.4153","36946","24079","61025"
"The Japanese Society for Neuroendovascular Therapy","10.5797","105","74","179"
"Dicle Medical Journal/Dicle Tip Dergisi","10.5798","68","36","104"
"Association of Health Investigations","10.5799","250","99","349"
"Institute of Earth's Crust, Siberian Branch of the Russian Academy of Sciences","10.5800","196","120","316"
"Nucleo de Altos Estudos Amazonicos","10.5801","100","17","117"
"Urban Planning Institute of the Republic of Slovenia","10.5379","200","54","254"
"American Romanian Academy of Arts and Sciences","10.14510","11","5","16"
"American V-King Scientific Publishing","10.14511","88","-21","67"
"Oekom Publishers GmbH","10.14512","1230","1054","2284"
"Faculty of Mechanical Engineering, Informatics and Electrical Engineering","10.14513","29","8","37"
"Beykoz Akademi Dergisi","10.14514","0","0","0"
"Russian Public Opinion Research Center","10.14515","4","1","5"
"FahrenHouse","10.14516","89","0","89"
"Korean Arthroscopy Society","10.14517","8","7","15"
"Current Research on Agriculture and Life Science","10.14518","10","1","11"
"Korean Society of Occupational Therapy","10.14519","56","-2","54"
"Adiyaman University Journal of Social Sciences","10.14520","11","1","12"
"Centro Universitario UNISOCIESC","10.14521","2","0","2"
"Instituto de Botanica Darwinion (IBODA)","10.14522","49","7","56"
"Jordan Journal of Civil Engineering","10.14525","27","9","36"
"Kama Research Centre","10.14526","0","0","0"
"Department of International Relations","10.11590","28","-3","25"
"West Virginia State Medical Association (WVSMA)","10.21885","0","0","0"
"Rostov State Medical University (ID 9348)","10.21886","2","0","2"
"Society for Veterinary Science and Biotechnology","10.21887","1","0","1"
"Korean Association of Government Studies","10.21888","0","0","0"
"International Journal of Research in Education and Science","10.21890","41","2","43"
"Journal of Education in Science, Environment and Health","10.21891","11","0","11"
"Corporacion Universitaria del Caribe - CECAR","10.21892","1","1","2"
"Scientific World Ltd.","10.21893","0","0","0"
"Malaysian Palm Oil Board","10.21894","56","28","84"
"The Korean Society of Maternal and Child Health","10.21896","274","18","292"
"Universidad de Cordoba","10.21897","113","70","183"
"Dianoia Revista de Filosofia","10.21898","8","0","8"
"First Edition Design Publishing","10.21899","1","1","2"
"Bioinfo Publications","10.9735","565","272","837"
"History Studies International Journal of History","10.9737","1","1","2"
"International College of Surgeons","10.9738","1370","443","1813"
"Damar Cerrahi Dergisi - Turkish Journal of Vascular Surgery","10.9739","5","4","9"
"College of Psychiatric and Neurologic Pharmacists (CPNP)","10.9740","75","21","96"
"University Libraries, University of Nevada, Las Vegas","10.9741","70","4","74"
"Grand Canyon University","10.9743","477","92","569"
"Petra Christian University","10.9744","55","7","62"
"Johns Hopkins School Bloomberg School of Public Health, Center for Communication Programs","10.9745","1256","255","1511"
"International Dose-Response Society","10.2203","3092","1130","4222"
"Geophysical Center of the Russian Academy of Sciences","10.2205","684","513","1197"
"Croatian Geological Survey","10.4154","174","142","316"
"Sigma Xi","10.1511","6059","2869","8928"
"Mental Health Research Institute","10.26617","0","0","0"
"Publikasi Jurnal Ilmiah Akademik Universitas Muhammadiyah Makassar","10.26618","1","0","1"
"Universidade Autonoma de Lisboa, EdiUal","10.26619","1","0","1"
"Corporacion Minuto de Dios University - UNIMINUTO","10.26620","7","0","7"
"Pontificia Universidad Catolica del Ecuador Sede Ibarra","10.26621","0","0","0"
"Universitas Semarang","10.26623","0","0","0"
"Wydawnictwo Czelej Sp. z o.o.","10.26625","0","0","0"
"Editora Scienza","10.26626","0","0","0"
"United Life Publications","10.26627","0","0","0"
"Agenda Wydawnicza SIMP Przeglad Spawalnictwa","10.26628","5","-2","3"
"International Journal of Maxillofacial Prosthetics","10.26629","0","0","0"
"Politeknik Kesehatan Tanjungkarang","10.26630","0","0","0"
"VostECO Ltd.","10.26631","0","0","0"
"Seattle Science Foundation","10.26632","1","0","1"
"Pan American Health Organization","10.26633","3","1","4"
"RCVS Knowledge","10.18849","17","1","18"
"The Korean Ethics Education Association","10.18850","4","0","4"
"Brand Design Association of Korea","10.18852","78","1","79"
"The Jungang English Language and Literature Association of Korea","10.18853","24","4","28"
"Korean Political Science Association","10.18854","98","10","108"
"The Association of Popular Narrative","10.18856","5","0","5"
"The Korean Society of Physical Therapy (ID 8057)","10.18857","183","3","186"
"The Korean Society of Surgical Metabolism and Nutrition (ID 8059)","10.18858","2","0","2"
"The Social Science Research Institute","10.18859","10","3","13"
"Maulana Malik Ibrahim State Islamic University","10.18860","19","2","21"
"Universidad ORT Uruguay","10.18861","3","4","7"
"Norske Dansekunstnere","10.18862","0","0","0"
"Current Approaches in Psychiatry","10.18863","5","2","7"
"Istanbul University Faculty of Fisheries","10.18864","3","2","5"
"ISHIB (Ethnicity & Disease)","10.18865","219","78","297"
"British Institute at Ankara","10.18866","6","2","8"
"Sociedad Mexicana de Ingenieria Sismica A.C.","10.18867","3","1","4"
"Saint Michael College of Caraga","10.18868","0","0","0"
"The Sax Institute","10.17061","197","48","245"
"Health Sciences Library, Creighton University","10.17062","13","0","13"
"Brazilian Journal of Forensic Sciences, Medical Law and Bioethics","10.17063","8","1","9"
"Istanbul Universitesi Iletisim Fakultesi Dergisi","10.17064","0","0","0"
"Hacettepe University Journal of Economics and Administrative Sciences","10.17065","3","0","3"
"Asia Minor Studies","10.17067","0","0","0"
"Korean Society for Local History and Culture","10.17068","25","7","32"
"Korea Society of Lighting and Visual Environment","10.17069","5","-1","4"
"The Association of East Asian Ancient Studies","10.17070","0","0","0"
"Perm State University (PSU)","10.17072","4","0","4"
"National University of Science and Technology MISiS","10.17073","81","8","89"
"Faculdade de Letras, UFRJ","10.17074","1","0","1"
"Consello da Cultura Galega","10.17075","6","0","6"
"Karelian Research Centre of the Russian Academy of Sciences","10.17076","9","1","10"
